$ 1 0.000005 10.20027730826997 50 5 43 5e-11
r 608 320 608 256 0 10000
r 688 320 688 256 0 10000
r 768 320 768 256 0 10000
R 2096 192 2096 144 0 0 40 5 0 0 0.5
w 688 256 608 256 0
w 768 256 688 256 0
w 720 400 640 400 0
w 640 400 496 400 0
g 432 1680 432 1696 0 0
162 608 320 608 368 2 default-led 1 0 0 0.01
162 688 320 688 368 2 default-led 1 0 0 0.01
162 768 320 768 368 2 default-led 1 0 0 0.01
w 720 400 800 400 0
w 720 464 800 464 0
w 640 464 496 464 0
w 720 464 640 464 0
d 688 432 720 464 2 default
w 432 400 432 464 0
w 432 464 432 528 0
w 608 368 608 432 0
w 608 432 608 496 0
w 688 368 688 432 0
w 688 432 688 496 0
w 768 368 768 432 0
w 768 432 768 496 0
w 768 496 768 560 0
w 688 496 688 560 0
w 608 496 608 560 0
d 688 496 720 528 2 default
w 720 528 640 528 0
w 640 528 496 528 0
w 720 528 800 528 0
w 720 592 800 592 0
w 640 592 496 592 0
w 720 592 640 592 0
w 608 560 608 624 0
w 688 560 688 624 0
w 768 560 768 624 0
d 608 560 640 592 2 default
d 768 496 800 528 2 default
w 432 592 432 528 0
d 768 368 800 400 2 default
w 432 784 432 720 0
d 768 688 800 720 2 default
w 768 752 768 816 0
w 688 752 688 816 0
w 608 752 608 816 0
w 720 784 640 784 0
w 640 784 496 784 0
w 720 784 800 784 0
w 720 720 800 720 0
w 640 720 496 720 0
w 720 720 640 720 0
d 688 688 720 720 2 default
w 608 688 608 752 0
w 688 688 688 752 0
w 768 688 768 752 0
w 768 624 768 688 0
w 688 624 688 688 0
w 608 624 608 688 0
w 432 656 432 720 0
w 432 592 432 656 0
d 688 624 720 656 2 default
w 720 656 640 656 0
w 640 656 496 656 0
w 720 656 800 656 0
d 608 432 640 464 2 default
d 768 432 800 464 2 default
d 608 496 640 528 2 default
d 688 560 720 592 2 default
d 768 560 800 592 2 default
d 768 624 800 656 2 default
d 608 624 640 656 2 default
d 608 688 640 720 2 default
d 608 368 640 400 2 default
d 688 368 720 400 2 default
d 928 368 960 400 2 default
d 848 368 880 400 2 default
d 928 752 960 784 2 default
d 848 688 880 720 2 default
d 848 624 880 656 2 default
d 1008 624 1040 656 2 default
d 1008 560 1040 592 2 default
d 928 560 960 592 2 default
d 848 496 880 528 2 default
d 1008 432 1040 464 2 default
d 848 432 880 464 2 default
w 960 656 1040 656 0
w 960 656 880 656 0
d 928 624 960 656 2 default
w 848 624 848 688 0
w 928 624 928 688 0
w 1008 624 1008 688 0
w 1008 688 1008 752 0
w 928 688 928 752 0
w 848 688 848 752 0
d 928 688 960 720 2 default
w 960 720 880 720 0
w 960 720 1040 720 0
w 960 784 1040 784 0
w 960 784 880 784 0
w 848 752 848 816 0
w 928 752 928 816 0
w 1008 752 1008 816 0
d 848 752 880 784 2 default
d 1008 688 1040 720 2 default
d 1008 368 1040 400 2 default
d 1008 496 1040 528 2 default
d 848 560 880 592 2 default
w 1008 560 1008 624 0
w 928 560 928 624 0
w 848 560 848 624 0
w 960 592 880 592 0
w 960 592 1040 592 0
w 960 528 1040 528 0
w 960 528 880 528 0
d 928 496 960 528 2 default
w 848 496 848 560 0
w 928 496 928 560 0
w 1008 496 1008 560 0
w 1008 432 1008 496 0
w 1008 368 1008 432 0
w 928 432 928 496 0
w 928 368 928 432 0
w 848 432 848 496 0
w 848 368 848 432 0
d 928 432 960 464 2 default
w 960 464 880 464 0
w 960 464 1040 464 0
w 960 400 1040 400 0
162 1008 320 1008 368 2 default-led 1 0 0 0.01
162 928 320 928 368 2 default-led 1 0 0 0.01
162 848 320 848 368 2 default-led 1 0 0 0.01
w 960 400 880 400 0
w 1008 256 928 256 0
w 928 256 848 256 0
r 1008 320 1008 256 0 10000
r 928 320 928 256 0 10000
r 848 320 848 256 0 10000
w 800 400 880 400 0
w 880 464 800 464 0
w 880 592 800 592 0
w 800 528 880 528 0
w 880 720 800 720 0
w 800 656 880 656 0
w 880 784 800 784 0
w 768 256 848 256 0
w 1088 256 1168 256 0
w 1200 784 1120 784 0
w 1120 656 1200 656 0
w 1200 720 1120 720 0
w 1120 528 1200 528 0
w 1200 592 1120 592 0
w 1200 464 1120 464 0
w 1120 400 1200 400 0
r 1168 320 1168 256 0 10000
r 1248 320 1248 256 0 10000
r 1328 320 1328 256 0 10000
w 1248 256 1168 256 0
w 1328 256 1248 256 0
w 1280 400 1200 400 0
162 1168 320 1168 368 2 default-led 1 0 0 0.01
162 1248 320 1248 368 2 default-led 1 0 0 0.01
162 1328 320 1328 368 2 default-led 1 0 0 0.01
w 1280 400 1360 400 0
w 1280 464 1360 464 0
w 1280 464 1200 464 0
d 1248 432 1280 464 2 default
w 1168 368 1168 432 0
w 1168 432 1168 496 0
w 1248 368 1248 432 0
w 1248 432 1248 496 0
w 1328 368 1328 432 0
w 1328 432 1328 496 0
w 1328 496 1328 560 0
w 1248 496 1248 560 0
w 1168 496 1168 560 0
d 1248 496 1280 528 2 default
w 1280 528 1200 528 0
w 1280 528 1360 528 0
w 1280 592 1360 592 0
w 1280 592 1200 592 0
w 1168 560 1168 624 0
w 1248 560 1248 624 0
w 1328 560 1328 624 0
d 1168 560 1200 592 2 default
d 1328 496 1360 528 2 default
d 1328 368 1360 400 2 default
d 1328 688 1360 720 2 default
w 1328 752 1328 816 0
w 1248 752 1248 816 0
w 1168 752 1168 816 0
w 1280 784 1200 784 0
w 1280 784 1360 784 0
w 1280 720 1360 720 0
w 1280 720 1200 720 0
d 1248 688 1280 720 2 default
w 1168 688 1168 752 0
w 1248 688 1248 752 0
w 1328 688 1328 752 0
w 1328 624 1328 688 0
w 1248 624 1248 688 0
w 1168 624 1168 688 0
d 1248 624 1280 656 2 default
w 1280 656 1200 656 0
w 1280 656 1360 656 0
d 1168 432 1200 464 2 default
d 1328 432 1360 464 2 default
d 1168 496 1200 528 2 default
d 1248 560 1280 592 2 default
d 1328 560 1360 592 2 default
d 1328 624 1360 656 2 default
d 1168 624 1200 656 2 default
d 1168 688 1200 720 2 default
d 1168 368 1200 400 2 default
d 1248 368 1280 400 2 default
d 1088 752 1120 784 2 default
d 1088 624 1120 656 2 default
d 1088 560 1120 592 2 default
d 1088 432 1120 464 2 default
w 1040 656 1120 656 0
w 1088 624 1088 688 0
w 1088 688 1088 752 0
w 1040 720 1120 720 0
w 1040 784 1120 784 0
w 1088 752 1088 816 0
d 1088 688 1120 720 2 default
d 1088 368 1120 400 2 default
d 1088 496 1120 528 2 default
w 1088 560 1088 624 0
w 1040 592 1120 592 0
w 1040 528 1120 528 0
w 1088 496 1088 560 0
w 1088 432 1088 496 0
w 1088 368 1088 432 0
w 1040 464 1120 464 0
w 1040 400 1120 400 0
162 1088 320 1088 368 2 default-led 1 0 0 0.01
w 1088 256 1008 256 0
r 1088 320 1088 256 0 10000
d 1408 624 1440 656 2 default
d 1408 560 1440 592 2 default
d 1408 432 1440 464 2 default
w 1360 656 1440 656 0
w 1408 624 1408 688 0
w 1408 688 1408 752 0
w 1360 720 1440 720 0
w 1360 784 1440 784 0
w 1408 752 1408 816 0
d 1408 688 1440 720 2 default
d 1408 368 1440 400 2 default
d 1408 496 1440 528 2 default
w 1408 560 1408 624 0
w 1360 592 1440 592 0
w 1360 528 1440 528 0
w 1408 496 1408 560 0
w 1408 432 1408 496 0
w 1408 368 1408 432 0
w 1360 464 1440 464 0
w 1360 400 1440 400 0
162 1408 320 1408 368 2 default-led 1 0 0 0.01
w 1408 256 1328 256 0
r 1408 320 1408 256 0 10000
w 1360 912 1440 912 0
w 1360 1040 1440 1040 0
w 1360 1168 1440 1168 0
w 1408 1136 1408 1200 0
w 1408 1328 1408 1392 0
w 1360 1360 1440 1360 0
w 1360 1296 1440 1296 0
w 1408 1264 1408 1328 0
w 1408 1200 1408 1264 0
w 1360 1232 1440 1232 0
d 1408 880 1440 912 2 default
w 1040 912 1120 912 0
w 1040 1040 1120 1040 0
w 1040 1168 1120 1168 0
w 1088 1136 1088 1200 0
d 1088 1008 1120 1040 2 default
w 1088 1328 1088 1392 0
w 1040 1360 1120 1360 0
w 1040 1296 1120 1296 0
w 1088 1264 1088 1328 0
w 1088 1200 1088 1264 0
w 1040 1232 1120 1232 0
d 1088 880 1120 912 2 default
d 1088 1136 1120 1168 2 default
w 1280 1232 1360 1232 0
w 1280 1232 1200 1232 0
w 1168 1200 1168 1264 0
w 1248 1200 1248 1264 0
w 1328 1200 1328 1264 0
w 1328 1264 1328 1328 0
w 1248 1264 1248 1328 0
w 1168 1264 1168 1328 0
w 1280 1296 1200 1296 0
w 1280 1296 1360 1296 0
w 1280 1360 1360 1360 0
w 1280 1360 1200 1360 0
w 1168 1328 1168 1392 0
w 1248 1328 1248 1392 0
w 1328 1328 1328 1392 0
d 1328 1008 1360 1040 2 default
w 1328 1136 1328 1200 0
w 1248 1136 1248 1200 0
w 1168 1136 1168 1200 0
w 1280 1168 1200 1168 0
w 1280 1168 1360 1168 0
w 1280 1040 1360 1040 0
w 1280 1040 1200 1040 0
w 1280 912 1200 912 0
w 1280 912 1360 912 0
w 1200 912 1120 912 0
w 1200 1168 1120 1168 0
w 1120 1040 1200 1040 0
w 1200 1296 1120 1296 0
w 1120 1232 1200 1232 0
w 1200 1360 1120 1360 0
w 880 1360 800 1360 0
w 800 1232 880 1232 0
w 880 1296 800 1296 0
w 800 1040 880 1040 0
w 880 1168 800 1168 0
w 880 912 800 912 0
w 960 912 1040 912 0
w 960 912 880 912 0
w 960 1040 880 1040 0
w 960 1040 1040 1040 0
w 960 1168 1040 1168 0
w 960 1168 880 1168 0
w 848 1136 848 1200 0
w 928 1136 928 1200 0
w 1008 1136 1008 1200 0
w 1008 1328 1008 1392 0
w 928 1328 928 1392 0
w 848 1328 848 1392 0
w 960 1360 880 1360 0
w 960 1360 1040 1360 0
w 960 1296 1040 1296 0
w 960 1296 880 1296 0
w 848 1264 848 1328 0
w 928 1264 928 1328 0
w 1008 1264 1008 1328 0
w 1008 1200 1008 1264 0
w 928 1200 928 1264 0
w 848 1200 848 1264 0
w 960 1232 880 1232 0
w 960 1232 1040 1232 0
w 720 1232 800 1232 0
w 640 1232 496 1232 0
w 720 1232 640 1232 0
w 432 1168 432 1232 0
w 432 1232 432 1296 0
w 608 1200 608 1264 0
w 688 1200 688 1264 0
w 768 1200 768 1264 0
w 768 1264 768 1328 0
w 688 1264 688 1328 0
w 608 1264 608 1328 0
w 720 1296 640 1296 0
w 640 1296 496 1296 0
w 720 1296 800 1296 0
w 720 1360 800 1360 0
w 640 1360 496 1360 0
w 720 1360 640 1360 0
w 608 1328 608 1392 0
w 688 1328 688 1392 0
w 768 1328 768 1392 0
w 432 1360 432 1296 0
w 432 1168 432 1104 0
w 768 1136 768 1200 0
w 688 1136 688 1200 0
w 608 1136 608 1200 0
w 720 1168 640 1168 0
w 640 1168 496 1168 0
w 720 1168 800 1168 0
w 720 1040 800 1040 0
w 640 1040 496 1040 0
w 720 1040 640 1040 0
w 432 976 432 1040 0
w 720 912 640 912 0
w 640 912 496 912 0
w 720 912 800 912 0
w 432 1552 432 1488 0
d 608 1520 640 1552 2 default
w 720 1552 640 1552 0
w 640 1552 496 1552 0
w 720 1552 800 1552 0
w 720 1488 800 1488 0
w 640 1488 496 1488 0
w 720 1488 640 1488 0
w 608 1456 608 1520 0
w 688 1456 688 1520 0
w 768 1456 768 1520 0
w 768 1392 768 1456 0
w 688 1392 688 1456 0
w 608 1392 608 1456 0
w 432 1424 432 1488 0
w 432 1360 432 1424 0
w 720 1424 640 1424 0
w 640 1424 496 1424 0
w 720 1424 800 1424 0
w 960 1424 1040 1424 0
w 960 1424 880 1424 0
w 848 1392 848 1456 0
w 928 1392 928 1456 0
w 1008 1392 1008 1456 0
w 1008 1456 1008 1520 0
w 928 1456 928 1520 0
w 848 1456 848 1520 0
w 960 1488 880 1488 0
w 960 1488 1040 1488 0
w 960 1552 1040 1552 0
w 960 1552 880 1552 0
w 880 1488 800 1488 0
w 800 1424 880 1424 0
w 880 1552 800 1552 0
w 1200 1552 1120 1552 0
w 1120 1424 1200 1424 0
w 1200 1488 1120 1488 0
w 1280 1552 1200 1552 0
w 1280 1552 1360 1552 0
w 1280 1488 1360 1488 0
w 1280 1488 1200 1488 0
w 1168 1456 1168 1520 0
w 1248 1456 1248 1520 0
w 1328 1456 1328 1520 0
w 1328 1392 1328 1456 0
w 1248 1392 1248 1456 0
w 1168 1392 1168 1456 0
w 1280 1424 1200 1424 0
w 1280 1424 1360 1424 0
w 1040 1424 1120 1424 0
w 1088 1392 1088 1456 0
w 1088 1456 1088 1520 0
w 1040 1488 1120 1488 0
w 1040 1552 1120 1552 0
w 1360 1424 1440 1424 0
w 1408 1392 1408 1456 0
w 1408 1456 1408 1520 0
w 1360 1488 1440 1488 0
w 1360 1552 1440 1552 0
w 432 848 432 912 0
w 432 1680 432 1616 3
x 399 408 415 411 4 24 A
x 368 473 418 476 4 24 ADD
x 367 536 417 539 4 24 ADC
x 367 600 416 603 4 24 SUB
x 363 919 413 922 4 24 AND
x 363 791 413 794 4 24 DEC
x 372 727 413 730 4 24 INC
x 367 665 415 668 4 24 SBB
x 378 1045 414 1048 4 24 OR
x 363 1176 415 1179 4 24 XOR
x 370 1237 416 1240 4 24 SHL
x 363 1304 413 1307 4 24 SHR
x 364 1365 413 1368 4 24 ASR
x 364 1429 417 1432 4 24 ROR
x 369 1494 418 1497 4 24 ROL
x 982 237 1042 240 4 14 Flags\sOut
x 750 237 785 240 4 14 Two's
x 832 238 863 241 4 14 0xFF
w 2096 192 2096 256 0
w 1440 256 1408 256 0
x 899 237 962 240 4 14 Adder\sOut
x 678 237 702 240 4 14 B\sIn
x 596 236 620 239 4 14 A\sIn
x 1066 238 1115 241 4 14 Flags\sIn
x 1128 238 1208 241 4 13 Restore\sFlags
x 1231 239 1266 242 4 14 A\sOut
x 1319 239 1340 242 4 14 OR
x 1396 239 1425 242 4 14 AND
x 1636 242 1663 245 4 14 SHL
x 1554 241 1583 244 4 14 ROT
x 1471 239 1501 242 4 14 XOR
w 1680 256 1648 256 0
d 1648 1456 1680 1488 2 default
w 1600 1552 1680 1552 0
w 1600 1488 1680 1488 0
w 1648 1456 1648 1520 0
w 1648 1392 1648 1456 0
w 1600 1424 1680 1424 0
d 1568 1392 1600 1424 2 default
w 1520 1424 1600 1424 0
w 1520 1424 1440 1424 0
w 1488 1392 1488 1456 0
w 1568 1392 1568 1456 0
w 1568 1456 1568 1520 0
w 1488 1456 1488 1520 0
w 1520 1488 1440 1488 0
w 1520 1488 1600 1488 0
w 1520 1552 1600 1552 0
w 1520 1552 1440 1552 0
d 1568 1456 1600 1488 2 default
w 1520 912 1600 912 0
w 1520 912 1440 912 0
w 1520 1040 1440 1040 0
w 1520 1040 1600 1040 0
w 1520 1168 1600 1168 0
w 1520 1168 1440 1168 0
w 1488 1136 1488 1200 0
w 1568 1136 1568 1200 0
w 1568 1328 1568 1392 0
w 1488 1328 1488 1392 0
w 1520 1360 1440 1360 0
w 1520 1360 1600 1360 0
w 1520 1296 1600 1296 0
w 1520 1296 1440 1296 0
w 1488 1264 1488 1328 0
w 1568 1264 1568 1328 0
w 1568 1200 1568 1264 0
w 1488 1200 1488 1264 0
w 1520 1232 1440 1232 0
w 1520 1232 1600 1232 0
d 1488 1136 1520 1168 2 default
d 1648 1200 1680 1232 2 default
w 1600 1232 1680 1232 0
w 1648 1200 1648 1264 0
w 1648 1264 1648 1328 0
w 1600 1296 1680 1296 0
w 1600 1360 1680 1360 0
w 1648 1328 1648 1392 0
w 1648 1136 1648 1200 0
w 1600 1168 1680 1168 0
w 1600 1040 1680 1040 0
w 1600 912 1680 912 0
r 1648 320 1648 256 0 10000
w 1648 256 1568 256 0
162 1648 320 1648 368 2 default-led 1 0 0 0.01
w 1600 400 1680 400 0
w 1600 464 1680 464 0
w 1648 368 1648 432 0
w 1648 432 1648 496 0
w 1648 496 1648 560 0
w 1600 528 1680 528 0
w 1600 592 1680 592 0
w 1648 560 1648 624 0
d 1648 496 1680 528 2 default
d 1648 368 1680 400 2 default
d 1648 688 1680 720 2 default
w 1648 752 1648 816 0
w 1600 784 1680 784 0
w 1600 720 1680 720 0
w 1648 688 1648 752 0
w 1648 624 1648 688 0
w 1600 656 1680 656 0
d 1648 432 1680 464 2 default
d 1648 560 1680 592 2 default
d 1648 624 1680 656 2 default
d 1488 368 1520 400 2 default
d 1568 624 1600 656 2 default
d 1568 560 1600 592 2 default
d 1488 560 1520 592 2 default
d 1568 432 1600 464 2 default
w 1520 656 1600 656 0
w 1520 656 1440 656 0
d 1488 624 1520 656 2 default
w 1488 624 1488 688 0
w 1568 624 1568 688 0
w 1568 688 1568 752 0
w 1488 688 1488 752 0
d 1488 688 1520 720 2 default
w 1520 720 1440 720 0
w 1520 720 1600 720 0
w 1520 784 1600 784 0
w 1520 784 1440 784 0
w 1488 752 1488 816 0
w 1568 752 1568 816 0
d 1568 688 1600 720 2 default
d 1568 368 1600 400 2 default
d 1568 496 1600 528 2 default
w 1568 560 1568 624 0
w 1488 560 1488 624 0
w 1520 592 1440 592 0
w 1520 592 1600 592 0
w 1520 528 1600 528 0
w 1520 528 1440 528 0
d 1488 496 1520 528 2 default
w 1488 496 1488 560 0
w 1568 496 1568 560 0
w 1568 432 1568 496 0
w 1568 368 1568 432 0
w 1488 432 1488 496 0
w 1488 368 1488 432 0
d 1488 432 1520 464 2 default
w 1520 464 1440 464 0
w 1520 464 1600 464 0
w 1520 400 1600 400 0
162 1568 320 1568 368 2 default-led 1 0 0 0.01
162 1488 320 1488 368 2 default-led 1 0 0 0.01
w 1520 400 1440 400 0
w 1568 256 1488 256 0
w 1488 256 1440 256 0
r 1568 320 1568 256 0 10000
r 1488 320 1488 256 0 10000
r 1728 320 1728 256 0 10000
r 1808 320 1808 256 0 10000
w 1728 256 1680 256 0
w 1808 256 1728 256 0
w 1760 400 1680 400 0
162 1728 320 1728 368 2 default-led 1 0 0 0.01
162 1808 320 1808 368 2 default-led 1 0 0 0.01
w 1760 400 1840 400 0
w 1760 464 1840 464 0
w 1760 464 1680 464 0
d 1728 432 1760 464 2 default
w 1728 368 1728 432 0
w 1728 432 1728 496 0
w 1808 368 1808 432 0
w 1808 432 1808 496 0
w 1808 496 1808 560 0
w 1728 496 1728 560 0
d 1728 496 1760 528 2 default
w 1760 528 1680 528 0
w 1760 528 1840 528 0
w 1760 592 1840 592 0
w 1760 592 1680 592 0
w 1728 560 1728 624 0
w 1808 560 1808 624 0
d 1808 496 1840 528 2 default
d 1808 368 1840 400 2 default
d 1808 688 1840 720 2 default
w 1808 752 1808 816 0
w 1728 752 1728 816 0
w 1760 784 1680 784 0
w 1760 784 1840 784 0
w 1760 720 1840 720 0
w 1760 720 1680 720 0
d 1728 688 1760 720 2 default
w 1728 688 1728 752 0
w 1808 688 1808 752 0
w 1808 624 1808 688 0
w 1728 624 1728 688 0
d 1728 624 1760 656 2 default
w 1760 656 1680 656 0
w 1760 656 1840 656 0
d 1808 432 1840 464 2 default
d 1728 560 1760 592 2 default
d 1808 560 1840 592 2 default
d 1808 624 1840 656 2 default
d 1728 368 1760 400 2 default
d 1808 1328 1840 1360 2 default
w 1760 1232 1840 1232 0
w 1760 1232 1680 1232 0
w 1728 1200 1728 1264 0
w 1808 1200 1808 1264 0
w 1808 1264 1808 1328 0
w 1728 1264 1728 1328 0
d 1728 1264 1760 1296 2 default
w 1760 1296 1680 1296 0
w 1760 1296 1840 1296 0
w 1760 1360 1840 1360 0
w 1760 1360 1680 1360 0
w 1728 1328 1728 1392 0
w 1808 1328 1808 1392 0
w 1808 1136 1808 1200 0
w 1728 1136 1728 1200 0
w 1760 1168 1680 1168 0
w 1760 1168 1840 1168 0
w 1760 1040 1840 1040 0
w 1760 1040 1680 1040 0
w 1760 912 1680 912 0
w 1760 912 1840 912 0
w 1760 1552 1680 1552 0
w 1760 1552 1840 1552 0
w 1760 1488 1840 1488 0
w 1760 1488 1680 1488 0
w 1728 1456 1728 1520 0
w 1808 1456 1808 1520 0
w 1808 1392 1808 1456 0
w 1728 1392 1728 1456 0
d 1728 1392 1760 1424 2 default
w 1760 1424 1680 1424 0
w 1760 1424 1840 1424 0
x 1713 243 1742 246 4 14 SHR
x 1793 244 1821 247 4 14 ASR
w 1888 256 1808 256 0
w 2096 256 2016 256 0
x 2001 244 2030 247 6 14 OUT
x 1921 243 1950 246 4 14 OUT
w 1968 1424 2048 1424 0
d 1936 1392 1968 1424 2 default
w 1936 1392 1936 1456 0
w 2016 1392 2016 1456 0
w 2016 1456 2016 1520 0
w 1936 1456 1936 1520 0
d 1936 1456 1968 1488 2 default
w 1968 1488 2048 1488 0
w 1968 1552 2048 1552 0
w 1968 912 2048 912 0
d 1936 880 1968 912 2 default
d 1936 1008 1968 1040 2 default
w 1968 1040 2048 1040 0
w 1968 1168 2048 1168 0
w 1936 1136 1936 1200 0
w 2016 1136 2016 1200 0
w 2016 1328 2016 1392 0
w 1936 1328 1936 1392 0
w 1968 1360 2048 1360 0
w 1968 1296 2048 1296 0
d 1936 1264 1968 1296 2 default
w 1936 1264 1936 1328 0
w 2016 1264 2016 1328 0
w 2016 1200 2016 1264 0
w 1936 1200 1936 1264 0
d 1936 1200 1968 1232 2 default
w 1968 1232 2048 1232 0
d 1936 1136 1968 1168 2 default
d 1936 1328 1968 1360 2 default
d 1936 368 1968 400 2 default
d 1936 752 1968 784 2 default
d 2016 624 2048 656 2 default
d 2016 560 2048 592 2 default
d 1936 560 1968 592 2 default
d 2016 432 2048 464 2 default
w 1968 656 2048 656 0
d 1936 624 1968 656 2 default
w 1936 624 1936 688 0
w 2016 624 2016 688 0
w 2016 688 2016 752 0
w 1936 688 1936 752 0
d 1936 688 1968 720 2 default
w 1968 720 2048 720 0
w 1968 784 2048 784 0
w 1936 752 1936 816 0
w 2016 752 2016 816 0
d 2016 688 2048 720 2 default
d 2016 368 2048 400 2 default
d 2016 496 2048 528 2 default
w 2016 560 2016 624 0
w 1936 560 1936 624 0
w 1968 592 1840 592 0
w 1968 592 2048 592 0
w 1968 528 2048 528 0
w 1968 528 1840 528 0
d 1936 496 1968 528 2 default
w 1936 496 1936 560 0
w 2016 496 2016 560 0
w 2016 432 2016 496 0
w 2016 368 2016 432 0
w 1936 432 1936 496 0
w 1936 368 1936 432 0
d 1936 432 1968 464 2 default
w 1968 464 1840 464 0
w 1968 464 2048 464 0
w 1968 400 2048 400 0
162 2016 320 2016 368 2 default-led 1 0 0 0.01
162 1936 320 1936 368 2 default-led 1 0 0 0.01
w 1968 400 1840 400 0
w 2016 256 1936 256 0
w 1936 256 1888 256 0
r 2016 320 2016 256 0 10000
r 1936 320 1936 256 0 10000
w 1968 656 1840 656 0
w 1968 720 1840 720 0
w 1968 784 1840 784 0
w 1968 912 1840 912 0
w 1968 1040 1840 1040 0
w 1968 1168 1840 1168 0
w 1968 1232 1840 1232 0
w 1968 1296 1840 1296 0
w 1968 1360 1840 1360 0
w 1968 1424 1840 1424 0
w 1968 1488 1840 1488 0
w 1968 1552 1840 1552 0
x 369 1555 415 1558 4 24 A\sIN
x 369 1619 415 1622 4 24 B\sIN
w 1968 1616 1840 1616 0
w 1968 1616 2048 1616 0
w 1760 1616 1840 1616 0
w 1760 1616 1680 1616 0
w 1520 1616 1440 1616 0
w 1520 1616 1600 1616 0
w 1600 1616 1680 1616 0
w 1360 1616 1440 1616 0
w 1040 1616 1120 1616 0
w 1280 1616 1360 1616 0
w 1280 1616 1200 1616 0
w 1200 1616 1120 1616 0
w 880 1616 800 1616 0
w 960 1616 880 1616 0
w 960 1616 1040 1616 0
d 688 1584 720 1616 2 default
w 608 1520 608 1584 0
w 720 1616 800 1616 0
w 640 1616 496 1616 0
w 720 1616 640 1616 0
w 432 1616 432 1552 0
w 608 1584 608 1648 0
w 688 1584 688 1648 0
w 768 1584 768 1648 0
w 1008 1584 1008 1648 2
w 928 1584 928 1648 0
w 848 1584 848 1648 0
w 1168 1584 1168 1648 0
w 1248 1584 1248 1648 0
w 1328 1584 1328 1648 0
w 1088 1584 1088 1648 0
w 1408 1584 1408 1648 0
w 1648 1584 1648 1648 0
w 1568 1584 1568 1648 0
w 1488 1584 1488 1648 0
w 1728 1584 1728 1648 0
w 1808 1584 1808 1648 0
w 2016 1584 2016 1648 0
w 1936 1584 1936 1648 0
w 1936 1520 1936 1584 0
w 2016 1520 2016 1584 0
w 1808 1520 1808 1584 0
w 1728 1520 1728 1584 0
w 1488 1520 1488 1584 0
w 1568 1520 1568 1584 0
w 1648 1520 1648 1584 0
w 1408 1520 1408 1584 0
w 1088 1520 1088 1584 0
w 1328 1520 1328 1584 0
w 1248 1520 1248 1584 0
w 1168 1520 1168 1584 0
w 848 1520 848 1584 0
w 928 1520 928 1584 0
w 1008 1520 1008 1584 0
w 768 1520 768 1584 0
w 688 1520 688 1584 0
d 1088 1328 1120 1360 2 default
d 1088 1264 1120 1296 2 default
d 1088 1200 1120 1232 2 default
w 1968 1104 1840 1104 0
d 2016 1072 2048 1104 2 default
w 2016 1072 2016 1136 0
w 1968 1104 2048 1104 0
w 1760 1104 1840 1104 0
w 1760 1104 1680 1104 0
w 1600 1104 1680 1104 0
d 1488 1072 1520 1104 2 default
w 1488 1072 1488 1136 0
w 1520 1104 1440 1104 0
w 1520 1104 1600 1104 0
x 347 1109 416 1112 4 24 XNOR
w 720 1104 800 1104 0
w 640 1104 496 1104 0
w 720 1104 640 1104 0
w 960 1104 880 1104 0
w 960 1104 1040 1104 0
w 880 1104 800 1104 0
w 1200 1104 1120 1104 0
w 1280 1104 1360 1104 0
w 1280 1104 1200 1104 0
d 1088 1072 1120 1104 2 default
w 1088 1072 1088 1136 0
w 1040 1104 1120 1104 0
w 1360 1104 1440 1104 0
w 432 1040 432 1104 0
w 1088 1008 1088 1072 0
w 2016 1008 2016 1072 0
w 1936 1008 1936 1072 0
w 1728 1008 1728 1072 0
w 1808 1008 1808 1072 0
w 1568 1008 1568 1072 0
w 1648 1008 1648 1072 0
w 1248 1008 1248 1072 0
w 1168 1008 1168 1072 0
w 1408 1008 1408 1072 0
w 1328 1008 1328 1072 0
w 848 1008 848 1072 0
w 768 1008 768 1072 0
w 1008 1008 1008 1072 0
w 928 1008 928 1072 0
w 608 1008 608 1072 0
w 688 1008 688 1072 0
w 608 1072 608 1136 0
w 688 1072 688 1136 0
w 848 1072 848 1136 0
w 768 1072 768 1136 0
w 1008 1072 1008 1136 0
w 928 1072 928 1136 0
w 1328 1072 1328 1136 0
w 1408 1072 1408 1136 0
w 1168 1072 1168 1136 0
w 1248 1072 1248 1136 0
w 1728 1072 1728 1136 0
w 1808 1072 1808 1136 0
w 1568 1072 1568 1136 0
w 1648 1072 1648 1136 0
w 1936 1072 1936 1136 0
w 1952 1936 1952 2000 0
w 1664 1936 1664 2000 0
w 1584 1936 1584 2000 0
w 1824 1936 1824 2000 0
w 1744 1936 1744 2000 0
w 1264 1936 1264 2000 0
w 1184 1936 1184 2000 0
w 1424 1936 1424 2000 0
w 1344 1936 1344 2000 0
w 944 1936 944 2000 0
w 1024 1936 1024 2000 0
w 784 1936 784 2000 0
w 864 1936 864 2000 0
w 704 1936 704 2000 0
w 624 1936 624 2000 0
w 704 1872 704 1936 0
w 624 1872 624 1936 0
w 944 1872 944 1936 0
w 1024 1872 1024 1936 0
w 784 1872 784 1936 0
w 864 1872 864 1936 0
w 1344 1872 1344 1936 0
w 1424 1872 1424 1936 0
w 1184 1872 1184 1936 0
w 1264 1872 1264 1936 0
w 1664 1872 1664 1936 0
w 1584 1872 1584 1936 0
w 1824 1872 1824 1936 0
w 1744 1872 1744 1936 0
w 1952 1872 1952 1936 0
w 2032 1872 2032 1936 0
w 1104 1872 1104 1936 0
w 448 1904 448 1968 0
w 1376 1968 1456 1968 0
w 1056 1968 1136 1968 0
w 1104 1936 1104 2000 0
d 1104 1936 1136 1968 2 default
w 1296 1968 1216 1968 0
w 1296 1968 1376 1968 0
w 1216 1968 1136 1968 0
w 896 1968 816 1968 0
w 976 1968 1056 1968 0
w 976 1968 896 1968 0
w 736 1968 656 1968 0
w 656 1968 512 1968 0
s 448 1968 512 1968 0 1 false
w 736 1968 816 1968 0
x 363 1973 432 1976 4 24 XNOR
w 1536 1968 1616 1968 0
w 1536 1968 1456 1968 0
w 1504 1936 1504 2000 0
d 1504 1936 1536 1968 2 default
w 1616 1968 1696 1968 0
w 1776 1968 1696 1968 0
w 1776 1968 1856 1968 0
w 1984 1968 2064 1968 0
w 2032 1936 2032 2000 0
d 2032 1936 2064 1968 2 default
w 1984 1968 1856 1968 0
w 1488 1008 1488 1072 0
w 1968 976 1840 976 0
d 2016 944 2048 976 2 default
w 2016 944 2016 1008 0
w 1968 976 2048 976 0
w 1760 976 1840 976 0
w 1760 976 1680 976 0
w 1600 976 1680 976 0
w 1488 944 1488 1008 0
w 1520 976 1440 976 0
w 1520 976 1600 976 0
x 361 978 414 981 4 24 NOR
w 720 976 800 976 0
w 640 976 496 976 0
w 720 976 640 976 0
w 960 976 880 976 0
w 960 976 1040 976 0
w 880 976 800 976 0
w 1200 976 1120 976 0
w 1280 976 1360 976 0
w 1280 976 1200 976 0
d 1088 944 1120 976 2 default
w 1088 944 1088 1008 0
w 1040 976 1120 976 0
w 1360 976 1440 976 0
w 432 912 432 976 0
w 1088 880 1088 944 0
w 2016 880 2016 944 0
w 1936 880 1936 944 0
w 1728 880 1728 944 0
w 1808 880 1808 944 0
w 1568 880 1568 944 0
w 1648 880 1648 944 0
w 1248 880 1248 944 0
w 1168 880 1168 944 0
w 1408 880 1408 944 0
w 1328 880 1328 944 0
w 848 880 848 944 0
w 768 880 768 944 0
w 1008 880 1008 944 0
w 928 880 928 944 0
w 608 880 608 944 0
w 688 880 688 944 0
w 608 944 608 1008 0
w 688 944 688 1008 0
w 848 944 848 1008 0
w 768 944 768 1008 0
w 1008 944 1008 1008 0
w 928 944 928 1008 0
w 1328 944 1328 1008 0
w 1408 944 1408 1008 0
w 1168 944 1168 1008 0
w 1248 944 1248 1008 0
w 1728 944 1728 1008 0
w 1808 944 1808 1008 0
w 1568 944 1568 1008 0
w 1648 944 1648 1008 0
w 1936 944 1936 1008 0
w 1488 880 1488 944 0
d 1328 944 1360 976 2 default
s 432 400 496 400 0 1 true
s 432 464 496 464 0 1 true
s 432 592 496 592 0 1 true
s 432 528 496 528 0 1 true
s 432 720 496 720 0 1 true
s 432 656 496 656 0 1 true
s 432 1104 496 1104 0 1 true
s 432 1168 496 1168 0 1 true
s 432 976 496 976 0 1 true
s 432 1040 496 1040 0 1 true
s 432 912 496 912 0 1 true
s 432 784 496 784 0 1 true
s 432 1488 496 1488 0 1 true
s 432 1552 496 1552 0 1 true
s 432 1360 496 1360 0 1 true
s 432 1424 496 1424 0 1 true
s 432 1296 496 1296 0 1 true
s 432 1232 496 1232 0 1 true
s 432 1616 496 1616 0 1 true
w 1968 848 1840 848 0
d 2016 816 2048 848 2 default
w 2016 816 2016 880 0
w 1968 848 2048 848 0
w 1760 848 1840 848 0
w 1760 848 1680 848 0
w 1600 848 1680 848 0
d 1408 816 1440 848 2 default
w 1488 816 1488 880 0
w 1520 848 1440 848 0
w 1520 848 1600 848 0
x 347 853 415 856 4 24 NAND
w 720 848 800 848 0
s 432 848 496 848 0 1 false
w 640 848 496 848 0
w 720 848 640 848 0
w 960 848 880 848 0
w 960 848 1040 848 0
w 880 848 800 848 0
w 1200 848 1120 848 0
w 1280 848 1360 848 0
w 1280 848 1200 848 0
d 1088 816 1120 848 2 default
w 1088 816 1088 880 0
w 1040 848 1120 848 0
w 1360 848 1440 848 0
w 432 784 432 848 0
w 608 816 608 880 0
w 688 816 688 880 0
w 848 816 848 880 0
w 768 816 768 880 0
w 1008 816 1008 880 0
w 928 816 928 880 0
w 1328 816 1328 880 0
w 1408 816 1408 880 0
w 1168 816 1168 880 0
w 1248 816 1248 880 0
w 1728 816 1728 880 0
w 1808 816 1808 880 0
w 1568 816 1568 880 0
w 1648 816 1648 880 0
w 1936 816 1936 880 0
t 2320 848 2320 896 0 1 0.5704734583406941 0.6405266451611631 100 default
r 2336 896 2336 944 0 1000
R 2336 944 2336 976 0 0 40 5 0 0 0.5
g 2304 896 2304 944 0 0
r 2320 848 2320 784 0 10000
L 2320 752 2224 752 0 1 false 5 0
w 2320 784 2320 752 2
w 2464 896 2512 896 2
162 2512 896 2512 960 2 default-led 1 0 0 0.01
r 2512 960 2512 992 0 1000
g 2512 992 2512 1024 0 0
r 2400 848 2400 784 0 10000
g 2384 896 2384 944 0 0
R 2416 944 2416 976 0 0 40 5 0 0 0.5
r 2416 896 2416 944 0 1000
t 2400 848 2400 896 0 1 -3.236303574215581 0.07005322003644432 100 default
w 2400 784 2368 784 0
w 2368 784 2368 896 0
w 2368 896 2336 896 0
w 2416 896 2464 896 0
