$ 1 0.000005 10.20027730826997 50 5 43 5e-11
151 1152 336 1232 336 0 2 5 5
151 1152 448 1232 448 0 2 0 5
w 1232 336 1232 368 0
w 1232 368 1152 416 0
w 1152 432 1152 416 0
w 1152 352 1152 368 0
w 1152 368 1232 416 0
w 1232 416 1232 448 0
w 1120 320 1152 320 0
r 1120 320 1120 272 0 1000
R 1120 272 1120 256 0 0 40 5 0 0 0.5
R 1120 592 1120 576 0 0 40 5 0 0 0.5
r 1120 640 1120 592 0 1000
w 1120 640 1152 640 0
w 1232 736 1232 768 0
w 1152 688 1232 736 0
w 1152 672 1152 688 0
w 1152 752 1152 736 0
w 1232 688 1152 736 0
w 1232 656 1232 688 0
151 1152 768 1232 768 0 2 5 5
151 1152 656 1232 656 0 2 0 5
w 1232 336 1296 336 0
w 1232 656 1296 656 0
w 1232 912 1296 912 0
151 1152 912 1232 912 0 2 0 5
151 1152 1024 1232 1024 0 2 5 5
w 1232 912 1232 944 0
w 1232 944 1152 992 0
w 1152 1008 1152 992 0
w 1152 928 1152 944 0
w 1152 944 1232 992 0
w 1232 992 1232 1024 0
s 928 896 992 896 0 1 true
w 1120 896 1152 896 0
g 928 896 912 896 0 0
r 1120 896 1120 848 0 1000
R 1120 848 1120 832 0 0 40 5 0 0 0.5
g 1296 832 1296 816 0 0
r 1296 864 1296 832 0 1000
162 1296 912 1296 864 2 default-led 1 0 0 0.01
g 1296 576 1296 560 0 0
r 1296 608 1296 576 0 1000
162 1296 656 1296 608 2 default-led 1 0 0 0.01
g 1296 256 1296 240 0 0
r 1296 288 1296 256 0 1000
162 1296 336 1296 288 2 default-led 1 0 0 0.01
w 992 640 1120 640 0
g 928 640 912 640 0 0
s 928 640 992 640 0 1 true
g 928 320 912 320 0 0
s 928 320 992 320 0 1 true
w 992 640 992 448 0
w 992 448 1072 448 0
w 1072 480 1008 480 0
w 1008 480 1008 880 0
w 992 896 1008 896 0
w 1008 896 1120 896 0
w 1008 896 1008 880 0
150 1072 464 1152 464 0 2 5 5
150 1072 784 1152 784 0 2 5 5
150 1072 1040 1152 1040 0 2 5 5
w 1072 768 1024 768 0
w 1024 768 1024 320 0
w 992 320 1024 320 0
w 1024 320 1120 320 0
w 1072 800 1008 896 0
w 1072 1024 1024 1024 0
w 1024 1024 1024 768 0
w 1072 1056 1040 1056 0
w 1040 1056 1040 704 0
w 1040 704 992 640 0
R 1648 464 1600 464 1 2 500 2.5 2.5 0 0.5
w 1648 464 1728 464 0
t 1888 752 1888 800 0 1 -4.9999999486126585 -3.773423872455765 100 default
t 1952 752 1952 800 0 1 -0.5853097369985392 0.6412663391583537 100 default
150 1728 480 1808 480 0 2 5 5
w 1728 496 1296 496 0
w 1296 496 1296 336 0
r 1952 752 1952 672 0 10000
w 1952 672 1952 480 0
w 1952 480 1808 480 0
r 1872 960 1872 880 0 1000
g 1872 960 1872 992 0 0
w 1888 704 1776 704 0
w 1696 720 1296 720 0
150 1696 704 1776 704 0 2 0 5
w 1616 688 1696 688 0
R 1616 688 1568 688 1 2 50 2.5 2.5 0 0.5
w 1296 720 1296 656 0
r 1888 752 1888 704 0 10000
w 1872 800 1872 848 0
162 1824 880 1824 832 2 default-led 1 0 0 0.01
r 1824 832 1824 800 0 1000
g 1824 800 1824 784 0 0
w 1824 880 1872 880 0
w 1872 880 1872 848 0
R 1968 800 1968 848 0 0 40 5 0 0 0.5
w 1936 800 1936 880 0
w 1936 880 1872 880 0
R 1904 800 1904 848 0 0 40 5 0 0 0.5
