$ 1 0.000005 10.20027730826997 50 5 50 5e-11
f 656 448 704 448 33 1.5 0.02
f 736 448 784 448 33 1.5 0.02
f 816 448 864 448 33 1.5 0.02
f 816 512 864 512 32 1.5 0.02
f 816 560 864 560 32 1.5 0.02
f 816 608 864 608 32 1.5 0.02
g 864 624 864 656 0 0
R 864 432 864 384 0 0 40 5 0 0 0.5
R 784 432 784 384 0 0 40 5 0 0 0.5
R 704 432 704 384 0 0 40 5 0 0 0.5
w 704 464 704 480 0
w 784 464 784 480 0
w 864 464 864 480 0
w 704 480 784 480 0
w 784 480 864 480 0
w 864 480 944 480 0
w 864 496 864 480 0
w 864 592 864 576 0
w 864 544 864 528 0
w 816 448 800 448 0
w 800 448 800 608 0
w 800 608 816 608 0
w 736 448 736 560 0
w 736 560 816 560 0
w 656 448 656 512 0
w 656 512 816 512 0
w 656 512 640 512 0
w 736 560 640 560 0
w 800 608 640 608 0
207 640 512 608 512 4 A
207 640 560 608 560 4 B
207 640 608 608 608 4 C
207 944 480 976 480 4 NAND
