$ 1 0.000005 10.20027730826997 50 5 50 5e-11
207 944 512 944 480 4 A
207 976 528 976 480 4 B
g 784 656 784 672 0 0
R 992 592 1008 592 0 0 40 5 0 0 0.5
207 944 656 992 656 4 NOR
f 976 528 976 592 33 1.5 0.02
f 944 544 944 592 33 1.5 0.02
f 800 608 800 656 32 1.5 0.02
f 800 528 800 576 32 1.5 0.02
g 784 576 784 592 0 0
w 800 608 848 608 0
w 848 608 848 544 0
w 848 544 944 544 0
w 976 528 800 528 0
w 928 592 816 592 0
w 816 592 816 576 0
w 816 656 864 656 0
w 864 656 864 608 0
w 864 608 928 608 0
w 928 608 928 592 0
w 928 608 928 656 0
w 928 656 944 656 0
w 944 512 944 544 0
