$ 1 0.000005 10.20027730826997 50 5 43 5e-11
f 896 480 896 528 32 1.5 0.02
f 896 576 896 624 32 1.5 0.02
f 1120 576 1120 624 33 1.5 0.02
f 1120 480 1120 528 33 1.5 0.02
w 1136 528 1136 624 0
f 1024 464 1024 528 33 1.5 0.02
f 1024 576 1024 624 33 1.5 0.02
f 800 576 800 624 32 1.5 0.02
f 800 464 800 528 32 1.5 0.02
w 784 528 784 624 0
w 912 528 912 624 0
w 1104 528 1040 528 0
w 1104 624 1040 624 0
w 1008 528 912 528 0
w 816 528 880 528 0
w 880 624 816 624 0
w 912 624 960 624 0
w 960 624 1008 624 0
w 960 624 960 656 0
R 1136 624 1136 672 0 0 40 5 0 0 0.5
g 784 624 784 656 0 0
w 800 464 1024 464 0
w 896 480 1072 480 0
w 1072 480 1072 576 0
w 1072 576 1120 576 0
w 1120 480 1120 448 0
w 1120 448 960 448 0
w 960 448 960 576 0
w 960 576 896 576 0
w 1024 576 1024 560 0
w 1024 560 800 560 0
w 800 560 800 576 0
. CMOS_NOT_Gate 0 3 1 2 !IN 2 0 3 IN 1 0 2 NMosfetElm\s1\s0\s2\rPMosfetElm\s1\s2\s3\rRailElm\s3 32\\s1.5\\s0.02\s33\\s1.5\\s0.02\s0\\s0\\s40\\s5\\s0\\s0\\s0.5
410 624 560 624 608 1 CMOS_NOT_Gate 32\s1.5\s0.02 33\s1.5\s0.02 0\s0\s40\s5\s0\s0\s0.5
w 752 560 800 560 0
410 624 512 624 560 1 CMOS_NOT_Gate 32\s1.5\s0.02 33\s1.5\s0.02 0\s0\s40\s5\s0\s0\s0.5
w 752 512 752 544 0
w 752 544 896 544 0
w 896 544 896 576 0
w 800 464 592 464 0
w 592 464 592 560 0
w 592 560 624 560 0
w 896 480 624 480 0
w 624 480 624 512 0
w 624 480 624 384 0
w 800 464 800 384 0
207 624 384 624 352 4 A
207 800 384 800 352 4 B
207 1088 704 1088 752 4 XNOR
410 960 704 960 752 1 CMOS_NOT_Gate 32\s1.5\s0.02 33\s1.5\s0.02 0\s0\s40\s5\s0\s0\s0.5
w 960 704 960 656 0
