$ 1 0.000005 10.20027730826997 50 5 50 5e-11
w 224 480 192 480 0
. CMOS\sNOT\sGate 0 2 1 2 IN 1 0 2 NOT 2 0 3 MosfetElm\s1\s0\s2\rMosfetElm\s1\s2\s3\rRailElm\s3 32\\s1.5\\s0.02\s33\\s1.5\\s0.02\s0\\s0\\s40\\s5\\s0\\s0\\s0.5
410 224 352 240 352 1 CMOS\sNOT\sGate 32\s1.5\s0.02 33\s1.5\s0.02 0\s0\s40\s5\s0\s0\s0.5
w 224 352 192 352 0
410 224 416 240 416 1 CMOS\sNOT\sGate 32\s1.5\s0.02 33\s1.5\s0.02 0\s0\s40\s5\s0\s0\s0.5
410 224 480 240 480 1 CMOS\sNOT\sGate 32\s1.5\s0.02 33\s1.5\s0.02 0\s0\s40\s5\s0\s0\s0.5
. CMOS_NOT_Gate 0 3 1 2 !IN 2 0 3 IN 1 0 2 NMosfetElm\s1\s0\s2\rPMosfetElm\s1\s2\s3\rRailElm\s3 32\\s1.5\\s0.02\s33\\s1.5\\s0.02\s0\\s0\\s40\\s5\\s0\\s0\\s0.5
. CMOS\sAND\sGate 0 2 2 3 A 1 0 2 AND 5 0 3 B 2 1 2 RailElm\s4\rMosfetElm\s1\s3\s4\rMosfetElm\s2\s3\s4\rMosfetElm\s2\s6\s3\rMosfetElm\s1\s0\s6\rCustomCompositeElm\s5\s3 0\\s0\\s40\\s5\\s0\\s0\\s0.5\s33\\s1.5\\s0.02\s33\\s1.5\\s0.02\s32\\s1.5\\s0.02\s32\\s1.5\\s0.02\s1\\sCMOS_NOT_Gate\\s32\\\\s1.5\\\\s0.02\\s33\\\\s1.5\\\\s0.02\\s0\\\\s0\\\\s40\\\\s5\\\\s0\\\\s0\\\\s0.5
. CMOS_AND_Gate 0 2 2 3 A 1 0 2 B 3 1 2 OUT 4 0 3 MosfetElm\s1\s0\s2\rMosfetElm\s3\s2\s4\rMosfetElm\s3\s4\s5\rMosfetElm\s1\s4\s5\rRailElm\s5 32\\s1.5\\s0.02\s32\\s1.5\\s0.02\s33\\s1.5\\s0.02\s33\\s1.5\\s0.02\s0\\s0\\s40\\s5\\s0\\s0\\s0.5
. CMOS-AND-Gate 0 2 2 3 A 4 0 2 AND 1 0 3 B 5 1 2 CustomCompositeElm\s1\s2\rCustomCompositeElm\s4\s5\s2 1\\sCMOS_NOT_Gate\\s32\\\\s1.5\\\\s0.02\\s33\\\\s1.5\\\\s0.02\\s0\\\\s0\\\\s40\\\\s5\\\\s0\\\\s0\\\\s0.5\s1\\sCMOS_AND_Gate\\s32\\\\s1.5\\\\s0.02\\s32\\\\s1.5\\\\s0.02\\s33\\\\s1.5\\\\s0.02\\s33\\\\s1.5\\\\s0.02\\s0\\\\s0\\\\s40\\\\s5\\\\s0\\\\s0\\\\s0.5
. CMOS\sNAND\sGate 0 2 2 3 A 1 0 2 B 3 1 2 NAND 8 0 3 CustomCompositeElm\s1\s2\s3\rCustomCompositeElm\s8\s2 1\\sCMOS-AND-Gate\\s1\\\\sCMOS_NOT_Gate\\\\s32\\\\\\\\s1.5\\\\\\\\s0.02\\\\s33\\\\\\\\s1.5\\\\\\\\s0.02\\\\s0\\\\\\\\s0\\\\\\\\s40\\\\\\\\s5\\\\\\\\s0\\\\\\\\s0\\\\\\\\s0.5\\s1\\\\sCMOS_AND_Gate\\\\s32\\\\\\\\s1.5\\\\\\\\s0.02\\\\s32\\\\\\\\s1.5\\\\\\\\s0.02\\\\s33\\\\\\\\s1.5\\\\\\\\s0.02\\\\s33\\\\\\\\s1.5\\\\\\\\s0.02\\\\s0\\\\\\\\s0\\\\\\\\s40\\\\\\\\s5\\\\\\\\s0\\\\\\\\s0\\\\\\\\s0.5\s1\\sCMOS_NOT_Gate\\s32\\\\s1.5\\\\s0.02\\s33\\\\s1.5\\\\s0.02\\s0\\\\s0\\\\s40\\\\s5\\\\s0\\\\s0\\\\s0.5
. CMOS\s3-IN\sNAND\sGATE 0 2 3 4 A 1 0 2 B 3 1 2 C 8 2 2 NAND 9 1 3 CustomCompositeElm\s1\s2\s3\rCustomCompositeElm\s2\s8\s9 1\\sCMOS\\\\sAND\\\\sGate\\s0\\\\s0\\\\s40\\\\s5\\\\s0\\\\s0\\\\s0.5\\s33\\\\s1.5\\\\s0.02\\s33\\\\s1.5\\\\s0.02\\s32\\\\s1.5\\\\s0.02\\s32\\\\s1.5\\\\s0.02\\s1\\\\sCMOS_NOT_Gate\\\\s32\\\\\\\\s1.5\\\\\\\\s0.02\\\\s33\\\\\\\\s1.5\\\\\\\\s0.02\\\\s0\\\\\\\\s0\\\\\\\\s40\\\\\\\\s5\\\\\\\\s0\\\\\\\\s0\\\\\\\\s0.5\s1\\sCMOS\\\\sNAND\\\\sGate\\s1\\\\sCMOS-AND-Gate\\\\s1\\\\\\\\sCMOS_NOT_Gate\\\\\\\\s32\\\\\\\\\\\\\\\\s1.5\\\\\\\\\\\\\\\\s0.02\\\\\\\\s33\\\\\\\\\\\\\\\\s1.5\\\\\\\\\\\\\\\\s0.02\\\\\\\\s0\\\\\\\\\\\\\\\\s0\\\\\\\\\\\\\\\\s40\\\\\\\\\\\\\\\\s5\\\\\\\\\\\\\\\\s0\\\\\\\\\\\\\\\\s0\\\\\\\\\\\\\\\\s0.5\\\\s1\\\\\\\\sCMOS_AND_Gate\\\\\\\\s32\\\\\\\\\\\\\\\\s1.5\\\\\\\\\\\\\\\\s0.02\\\\\\\\s32\\\\\\\\\\\\\\\\s1.5\\\\\\\\\\\\\\\\s0.02\\\\\\\\s33\\\\\\\\\\\\\\\\s1.5\\\\\\\\\\\\\\\\s0.02\\\\\\\\s33\\\\\\\\\\\\\\\\s1.5\\\\\\\\\\\\\\\\s0.02\\\\\\\\s0\\\\\\\\\\\\\\\\s0\\\\\\\\\\\\\\\\s40\\\\\\\\\\\\\\\\s5\\\\\\\\\\\\\\\\s0\\\\\\\\\\\\\\\\s0\\\\\\\\\\\\\\\\s0.5\\s1\\\\sCMOS_NOT_Gate\\\\s32\\\\\\\\s1.5\\\\\\\\s0.02\\\\s33\\\\\\\\s1.5\\\\\\\\s0.02\\\\s0\\\\\\\\s0\\\\\\\\s40\\\\\\\\s5\\\\\\\\s0\\\\\\\\s0\\\\\\\\s0.5
410 400 416 416 416 1 CMOS\s3-IN\sNAND\sGATE 1\sCMOS\\sAND\\sGate\s0\\s0\\s40\\s5\\s0\\s0\\s0.5\s33\\s1.5\\s0.02\s33\\s1.5\\s0.02\s32\\s1.5\\s0.02\s32\\s1.5\\s0.02\s1\\sCMOS_NOT_Gate\\s32\\\\s1.5\\\\s0.02\\s33\\\\s1.5\\\\s0.02\\s0\\\\s0\\\\s40\\\\s5\\\\s0\\\\s0\\\\s0.5 1\sCMOS\\sNAND\\sGate\s1\\sCMOS-AND-Gate\\s1\\\\sCMOS_NOT_Gate\\\\s32\\\\\\\\s1.5\\\\\\\\s0.02\\\\s33\\\\\\\\s1.5\\\\\\\\s0.02\\\\s0\\\\\\\\s0\\\\\\\\s40\\\\\\\\s5\\\\\\\\s0\\\\\\\\s0\\\\\\\\s0.5\\s1\\\\sCMOS_AND_Gate\\\\s32\\\\\\\\s1.5\\\\\\\\s0.02\\\\s32\\\\\\\\s1.5\\\\\\\\s0.02\\\\s33\\\\\\\\s1.5\\\\\\\\s0.02\\\\s33\\\\\\\\s1.5\\\\\\\\s0.02\\\\s0\\\\\\\\s0\\\\\\\\s40\\\\\\\\s5\\\\\\\\s0\\\\\\\\s0\\\\\\\\s0.5\s1\\sCMOS_NOT_Gate\\s32\\\\s1.5\\\\s0.02\\s33\\\\s1.5\\\\s0.02\\s0\\\\s0\\\\s40\\\\s5\\\\s0\\\\s0\\\\s0.5
w 320 480 400 480 0
w 224 352 224 384 0
w 224 384 352 384 0
w 352 384 352 448 0
w 352 448 400 448 0
w 400 416 320 416 0
. CMOS\sOR\sGate 0 2 2 3 A 1 0 2 B 2 1 2 OR 4 0 3 RailElm\s3\rMosfetElm\s2\s5\s3\rMosfetElm\s1\s6\s5\rMosfetElm\s1\s0\s6\rMosfetElm\s2\s0\s6\rCustomCompositeElm\s6\s4 0\\s0\\s40\\s5\\s0\\s0\\s0.5\s33\\s1.5\\s0.02\s33\\s1.5\\s0.02\s32\\s1.5\\s0.02\s32\\s1.5\\s0.02\s1\\sCMOS\\\\sNOT\\\\sGate\\s32\\\\s1.5\\\\s0.02\\s33\\\\s1.5\\\\s0.02\\s0\\\\s0\\\\s40\\\\s5\\\\s0\\\\s0\\\\s0.5
410 400 320 432 320 1 CMOS\sOR\sGate 0\s0\s40\s5\s0\s0\s0.5 33\s1.5\s0.02 33\s1.5\s0.02 32\s1.5\s0.02 32\s1.5\s0.02 1\sCMOS\\sNOT\\sGate\s32\\s1.5\\s0.02\s33\\s1.5\\s0.02\s0\\s0\\s40\\s5\\s0\\s0\\s0.5
. CMOS\sNOR\sGate 0 2 2 3 A 1 0 2 B 2 1 2 NOR 4 0 3 RailElm\s3\rMosfetElm\s2\s5\s3\rMosfetElm\s1\s4\s5\rMosfetElm\s1\s0\s4\rMosfetElm\s2\s0\s4 0\\s0\\s40\\s5\\s0\\s0\\s0.5\s33\\s1.5\\s0.02\s33\\s1.5\\s0.02\s32\\s1.5\\s0.02\s32\\s1.5\\s0.02
410 496 320 512 320 1 CMOS\sNOR\sGate 0\s0\s40\s5\s0\s0\s0.5 33\s1.5\s0.02 33\s1.5\s0.02 32\s1.5\s0.02 32\s1.5\s0.02
w 496 352 496 384 0
w 496 384 400 384 0
w 400 416 400 384 0
w 224 480 224 448 0
w 224 448 336 448 0
w 336 448 336 368 0
w 336 368 368 368 0
w 320 352 336 352 0
w 336 352 336 320 0
w 336 320 400 320 0
w 368 368 368 352 0
w 368 352 400 352 0
410 592 448 608 448 1 CMOS\sNOT\sGate 32\s1.5\s0.02 33\s1.5\s0.02 0\s0\s40\s5\s0\s0\s0.5
w 592 448 496 448 0
410 592 320 608 320 1 CMOS\sNOT\sGate 32\s1.5\s0.02 33\s1.5\s0.02 0\s0\s40\s5\s0\s0\s0.5
f 688 320 736 320 33 1.5 0.02
f 688 448 736 448 32 1.5 0.02
w 736 336 736 384 0
w 736 384 736 432 0
R 736 304 736 272 0 0 40 5 0 0 0.5
g 736 464 736 496 0 0
w 736 384 784 384 0
w 192 416 192 352 0
w 192 416 224 416 0
207 784 384 832 384 4 Q
207 192 512 144 512 4 ~EN
207 192 352 144 352 4 D
w 192 512 192 480 0
