$ 1 0.000005 10.20027730826997 50 5 50 5e-11
207 784 544 784 512 4 A
207 880 544 880 512 4 B
w 960 672 912 672 0
w 864 672 864 656 0
w 864 672 912 672 0
w 832 672 864 672 0
w 784 544 784 560 0
w 880 576 880 544 0
w 784 560 928 560 0
w 816 576 880 576 0
g 768 624 768 640 0 0
w 832 672 832 624 0
w 912 624 912 672 0
R 944 640 960 640 0 0 40 5 0 0 0.5
w 944 640 944 624 0
w 896 640 944 640 0
w 896 624 896 640 0
207 1088 672 1136 672 4 AND
w 864 624 864 656 0
f 928 560 928 624 33 1.5 0.02
f 880 576 880 624 33 1.5 0.02
f 816 576 816 624 32 1.5 0.02
f 784 560 784 624 32 1.5 0.02
. CMOS_NOT_Gate 0 3 1 2 !IN 2 0 3 IN 1 0 2 NMosfetElm\s1\s0\s2\rPMosfetElm\s1\s2\s3\rRailElm\s3 32\\s1.5\\s0.02\s33\\s1.5\\s0.02\s0\\s0\\s40\\s5\\s0\\s0\\s0.5
410 960 672 1040 672 1 CMOS_NOT_Gate 32\s1.5\s0.02 33\s1.5\s0.02 0\s0\s40\s5\s0\s0\s0.5
