$ 1 0.000005 10.20027730826997 54 5 50 5e-11
t -256 32 -256 0 0 1 0.5608965420839063 0.6396173064799 100 default
r -240 -32 -240 -80 0 1000
R -240 -80 -240 -128 0 0 40 5 0 0 0.5
g -272 0 -272 -112 0 0
w -256 32 -256 64 0
r -272 128 -272 64 0 12000
r -240 128 -240 64 0 12000
w -240 64 -256 64 0
w -256 64 -272 64 0
L -688 80 -688 176 0 1 false 5 0
w -272 224 -272 128 0
w -240 208 -240 128 0
L -656 16 -656 176 0 1 false 5 0
w -240 -32 -240 0 0
w -240 0 -208 0 0
w -208 0 -208 48 0
w -112 0 -112 48 0
w -144 0 -112 0 0
w -144 -32 -144 0 0
w -160 64 -176 64 0
w -144 64 -160 64 0
w -160 32 -160 64 0
g -176 0 -176 -112 0 0
R -144 -80 -144 -128 0 0 40 5 0 0 0.5
r -144 -32 -144 -80 0 1000
t -160 32 -160 0 0 1 -4.5855038954164025 0.07906102165013527 100 default
t -64 32 -64 0 0 1 0.560891114745087 0.6396165275184176 100 default
r -48 -32 -48 -80 0 1000
R -48 -80 -48 -128 0 0 40 5 0 0 0.5
g -80 0 -80 -112 0 0
w -64 32 -64 64 0
w -48 64 -64 64 0
w -64 64 -80 64 0
w -48 -32 -48 0 0
w -48 0 -16 0 0
w -16 0 -16 48 0
w 272 0 272 48 0
w 240 0 272 0 0
w 240 -32 240 0 0
w 224 64 208 64 0
w 240 64 224 64 0
w 224 32 224 64 0
g 208 0 208 -112 0 0
R 240 -80 240 -128 0 0 40 5 0 0 0.5
r 240 -32 240 -80 0 1000
t 224 32 224 0 0 1 -4.584541634571589 0.08000667216197853 100 default
t 128 32 128 0 0 1 0.5609117900293177 0.63961921016323 100 default
r 144 -32 144 -80 0 1000
R 144 -80 144 -128 0 0 40 5 0 0 0.5
g 112 0 112 -112 0 0
w 128 32 128 64 0
w 144 64 128 64 0
w 128 64 112 64 0
w 144 -32 144 0 0
w 144 0 176 0 0
w 176 0 176 48 0
w 80 0 80 48 0
w 48 0 80 0 0
w 48 -32 48 0 0
w 32 64 16 64 0
w 48 64 32 64 0
w 32 32 32 64 0
g 16 0 16 -112 0 0
R 48 -80 48 -128 0 0 40 5 0 0 0.5
r 48 -32 48 -80 0 1000
t 32 32 32 0 0 1 0.5580381913363142 0.6393440595740412 100 default
w 560 0 560 48 0
w 528 0 560 0 0
w 528 -32 528 0 0
w 512 64 496 64 0
w 528 64 512 64 0
w 512 32 512 64 0
g 496 0 496 -112 0 0
R 528 -80 528 -128 0 0 40 5 0 0 0.5
r 528 -32 528 -80 0 1000
t 512 32 512 0 0 1 -3.2276426818453188 0.07871411210624425 100 default
t 416 32 416 0 0 1 0.5580918085341434 0.6391281261835399 100 default
r 432 -32 432 -80 0 1000
R 432 -80 432 -128 0 0 40 5 0 0 0.5
g 400 0 400 -112 0 0
w 416 32 416 64 0
w 432 64 416 64 0
w 416 64 400 64 0
w 432 -32 432 0 0
w 432 0 464 0 0
w 464 0 464 48 0
w 368 0 368 48 0
w 336 0 368 0 0
w 336 -32 336 0 0
w 320 64 304 64 0
w 336 64 320 64 0
w 320 32 320 64 0
g 304 0 304 -112 0 0
R 336 -80 336 -128 0 0 40 5 0 0 0.5
r 336 -32 336 -80 0 1000
t 320 32 320 0 0 1 0.5608910259336362 0.6396164343201716 100 default
162 672 16 672 -64 2 default-led 1 0 0 0.01
r 672 -64 672 -144 0 1000
g 672 -144 672 -176 0 0
g 640 -144 640 -176 0 0
r 640 -64 640 -144 0 1000
162 640 16 640 -64 2 default-led 1 0 0 0.01
x 670 -199 705 -196 4 16 SUM
x 627 -199 651 -196 4 16 CO
w -208 48 -208 176 0
w -208 176 -176 176 0
w -176 144 -176 128 0
w -176 176 -80 176 0
w -80 144 -80 128 0
w -80 144 -80 176 0
w -176 144 -176 176 0
w -240 208 -144 208 0
w -144 208 -144 128 0
w -272 224 -48 224 0
w -48 224 -48 128 0
w -112 48 -112 160 0
w -112 160 16 160 0
w 16 160 16 128 0
w -16 48 -16 176 0
w -16 176 48 176 0
w 48 176 48 128 0
x 499 184 523 187 4 16 CO
x 406 183 441 186 4 16 SUM
w -208 176 -208 240 0
w -208 240 528 240 0
w 528 128 528 240 0
w 80 48 80 176 0
w 80 176 112 176 0
w 112 176 112 128 0
w 144 128 144 256 0
w 144 256 -144 256 0
x -169 347 -154 350 4 16 Ci
x -694 210 -684 213 4 16 A
x -663 210 -653 213 4 16 B
w 112 176 208 176 0
w 208 176 208 128 0
w 176 48 176 160 0
w 176 160 240 160 0
w 240 160 240 128 0
x -247 50 -239 53 4 16 1
x -152 48 -144 51 4 16 2
x -55 50 -47 53 4 16 3
x 41 50 49 53 4 16 4
x 137 50 145 53 4 16 5
x 233 50 241 53 4 16 6
x 329 50 337 53 4 16 7
x 425 50 433 53 4 16 8
x 521 50 529 53 4 16 9
w 272 48 272 176 0
w 272 176 400 176 0
w 400 176 400 128 0
w 368 48 368 160 0
w 368 160 432 160 0
w 432 160 432 128 0
w 240 160 304 160 0
w 304 160 304 128 0
w 336 128 336 256 0
w 336 256 144 256 0
w 464 48 464 160 0
w 464 160 672 160 0
w 672 160 672 16 0
w 560 48 640 48 0
w 640 48 640 16 0
w 496 128 496 192 0
w 496 192 304 192 0
w 304 192 304 160 0
r -144 128 -144 64 0 12000
r -176 128 -176 64 0 12000
r -48 128 -48 64 0 12000
r -80 128 -80 64 0 12000
r 48 128 48 64 0 12000
r 16 128 16 64 0 12000
r 144 128 144 64 0 12000
r 112 128 112 64 0 12000
r 240 128 240 64 0 12000
r 208 128 208 64 0 12000
r 336 128 336 64 0 12000
r 304 128 304 64 0 12000
r 432 128 432 64 0 12000
r 400 128 400 64 0 12000
r 528 128 528 64 0 12000
r 496 128 496 64 0 12000
t -464 160 -464 208 0 1 0.4850785592181657 -0.16751225311349494 100 default
t -480 272 -480 320 0 1 0.5392470056000516 -0.11334380673160904 100 default
r -480 272 -480 208 0 1000
w -480 208 -480 160 0
r -464 160 -464 96 0 12000
w -464 96 -512 96 0
w -512 96 -512 320 0
w -512 320 -496 320 0
w -448 208 -448 320 0
w -448 320 -464 320 0
r -448 384 -448 320 0 12000
R -448 384 -448 416 0 0 40 5 0 0 0.5
x -577 498 -545 501 4 16 SUB
L -560 432 -560 464 0 1 false 5 0
w -480 16 -656 16 0
w -688 80 -304 80 0
w -304 80 -304 224 0
w -304 224 -272 224 0
w -560 48 -560 432 0
w -560 432 -144 432 0
w -144 432 -144 256 0
w -480 16 -480 160 0
w -464 96 -464 48 0
w -464 48 -560 48 0
t -384 224 -384 272 0 1 0.5601412787499315 0.6395425016807302 100 default
w -240 208 -240 272 0
w -240 272 -368 272 0
R -368 336 -368 368 0 0 40 5 0 0 0.5
r -384 224 -384 160 0 12000
r -368 336 -368 272 0 1000
g -400 272 -400 304 0 0
w -448 208 -416 208 0
w -416 208 -416 160 0
w -416 160 -384 160 0
