$ 1 0.000005 19.867427341514983 58 5 50 5e-11
w 112 896 80 896 0
w 112 704 112 896 0
w 192 704 112 704 0
w 96 640 192 640 0
w 96 784 96 640 0
w 80 784 96 784 0
w 80 576 192 576 0
w 80 656 80 576 0
w 144 672 144 608 0
w 192 672 144 672 0
w 144 608 192 608 0
w 144 544 144 608 0
w 144 544 192 544 0
s -32 784 32 784 0 1 true
w 32 784 80 784 0
g 32 848 32 864 0 0
r 32 784 32 848 0 1000
R -32 784 -80 784 0 0 40 5 0 0 0.5
R -32 896 -80 896 0 0 40 5 0 0 0.5
r 32 896 32 960 0 1000
g 32 960 32 976 0 0
w 32 896 80 896 0
s -32 896 32 896 0 1 true
s -32 656 32 656 0 1 true
w 32 656 80 656 0
g 32 720 32 736 0 0
r 32 656 32 720 0 1000
R -32 656 -80 656 0 0 40 5 0 0 0.5
R -32 544 -80 544 0 0 40 5 0 0 0.5
r 32 544 32 608 0 1000
g 32 608 32 624 0 0
w 32 544 144 544 0
s -32 544 32 544 0 1 true
w 336 592 336 768 0
w 336 592 352 592 0
w 288 592 336 592 0
w 320 576 320 768 0
w 320 576 352 576 0
w 272 576 320 576 0
w 304 560 304 768 0
w 304 560 352 560 0
w 272 560 304 560 0
w 288 688 272 688 0
w 288 592 288 688 0
w 272 624 272 576 0
152 192 688 272 688 0 2 0 5
152 192 624 272 624 0 2 0 5
152 192 560 272 560 0 2 0 5
152 352 576 432 576 0 3 0 5
I 432 576 496 576 0 0.5 5
r 400 400 400 464 0 1000
g 400 400 400 384 0 0
162 400 496 400 464 2 default-led 1 0 0 0.01
w 672 496 400 496 0
w 672 256 672 496 0
I 672 176 672 256 0 0.5 5
w 672 128 672 176 0
w 672 128 800 128 0
w 560 576 496 576 0
w 560 384 560 576 0
w 560 144 560 384 0
w 576 144 560 144 0
152 576 128 672 128 0 2 5 5
w 528 112 576 112 0
w 416 128 448 128 0
w 416 352 416 128 0
w 400 352 416 352 0
w 400 112 400 224 0
w 448 112 400 112 0
152 448 112 528 112 0 3 0 5
w 320 352 400 352 0
g 320 416 320 432 0 0
r 320 352 320 416 0 1000
w 288 352 320 352 0
s 288 352 224 352 0 1 false
R 224 352 176 352 0 0 40 5 0 0 0.5
R 224 224 176 224 0 0 40 5 0 0 0.5
s 288 224 224 224 0 1 false
w 288 224 320 224 0
r 320 224 320 288 0 1000
g 320 288 320 304 0 0
w 320 224 400 224 0
w 320 96 448 96 0
g 320 160 320 176 0 0
r 320 96 320 160 0 1000
w 288 96 320 96 0
s 288 96 224 96 0 1 false
R 224 96 176 96 0 0 40 5 0 0 0.5
