$ 1 0.000005 10.20027730826997 50 5 43 5e-11
t 640 368 640 416 0 1 -0.005072299318401832 2.2879844725986255e-10 100 default
g 624 416 624 496 0 0
r 688 448 688 512 0 1000
R 688 512 688 544 0 0 40 5 0 0 0.5
w 688 448 688 416 0
t 672 368 672 416 0 1 -4.999999938820592 -0.005072248544912928 100 default
L 640 304 640 240 0 0 false 5 0
L 672 304 672 240 0 0 false 5 0
r 672 304 672 368 0 10000
r 640 304 640 368 0 10000
p 656 576 656 640 1 0 0
162 768 544 768 480 2 default-led 1 0 0 0.01
r 768 480 768 416 0 1000
g 768 416 768 384 0 0
w 656 416 656 576 0
w 656 576 768 576 0
w 768 576 768 544 0
o 10 64 0 4098 0.078125 0.1 0 1
