$ 1 0.000005 10.20027730826997 50 5 43 5e-11
t 624 304 624 352 0 1 -2.796682169579905 2.896682168170313e-8 100 default
r 640 384 640 416 0 10000
R 640 416 640 432 0 0 40 5 0 0 0.5
g 592 352 576 352 0 0
r 624 304 624 256 0 10000
L 464 176 400 176 0 0 false 5 0
t 528 304 528 352 0 1 -2.796682169579905 2.8966821681703134e-8 100 default
w 544 352 544 368 0
w 608 352 592 352 0
w 544 368 640 368 0
w 640 368 640 352 0
w 640 384 640 368 0
g 512 352 496 352 0 0
r 528 304 528 256 0 10000
w 624 224 624 256 0
w 464 176 624 176 0
w 624 176 624 224 0
w 528 256 528 224 0
w 528 224 464 224 0
L 464 224 400 224 0 0 false 5 0
x 349 183 378 186 4 24 B0
x 342 231 380 234 4 24 0xff
L 464 272 400 272 0 0 false 5 0
w 464 272 464 480 0
x 255 276 381 279 4 24 Twos\sComp
t 704 304 704 352 0 1 0.5553383505379806 0.5933645129607443 100 default
g 688 352 688 368 0 0
r 704 304 704 256 0 10000
r 720 400 720 352 0 10000
R 720 400 720 432 0 0 40 5 0 0 0.5
w 640 368 656 368 0
w 656 368 656 320 0
w 656 320 672 256 0
w 672 256 704 256 0
t 784 304 784 352 0 1 -4.565624741188939 0.03802616708465814 100 default
w 768 480 464 480 0
r 784 304 784 256 0 1000
w 784 256 752 256 0
w 752 256 752 352 0
w 752 352 720 352 0
t 848 304 848 352 0 1 -4.603650903568797 -0.038026157717962396 100 default
w 800 352 800 368 0
w 800 368 864 368 0
w 864 368 864 352 0
r 848 304 848 256 0 1000
w 768 352 768 384 0
w 768 384 768 480 0
w 768 384 816 384 0
w 816 384 816 256 0
w 816 256 848 256 0
w 832 352 832 400 0
w 832 400 752 400 0
w 752 400 752 352 0
r 864 416 864 368 0 1000
R 864 416 864 448 0 0 40 5 0 0 0.5
t 928 304 928 352 0 1 0.5676806399191182 0.6401601809749824 100 default
r 944 400 944 352 0 1000
R 944 400 944 432 0 0 40 5 0 0 0.5
w 912 352 912 400 0
g 912 400 912 432 0 0
r 928 304 928 256 0 10000
w 928 256 896 256 0
w 896 256 896 368 0
w 896 368 864 368 0
w 944 352 1008 352 2
