$ 1 0.000005 382.76258214399064 49 5 43 5e-11
t 288 288 336 288 0 1 -3.0819644115769766 0.18099265980108342 100 default
t 448 288 496 288 0 1 0.5890109751864663 0.624748244897519 100 default
r 448 288 400 288 0 10000
r 288 288 240 288 0 10000
c 448 240 400 240 0 0.000009999999999999999 -2.638208826480541 0.001
w 448 240 448 288 0
w 336 272 336 240 0
w 336 240 400 240 0
r 336 240 336 192 0 4700
r 496 240 496 192 0 4700
w 496 240 496 272 0
w 496 240 528 240 0
w 528 240 528 336 0
w 496 304 496 320 0
w 496 320 336 320 0
w 336 320 336 304 0
c 272 240 224 240 0 0.000009999999999999999 0.1452553900900307 0.001
w 272 240 288 240 0
w 288 240 288 288 0
w 224 240 224 336 0
w 528 336 224 336 0
w 240 288 192 288 0
w 496 192 496 176 0
w 336 192 336 176 0
w 192 288 192 176 0
w 336 176 192 176 0
R 336 176 336 144 0 0 40 5 0 0 0.5
g 336 320 304 320 0 0
w 528 240 592 240 0
p 400 384 496 384 1 0 0
w 400 288 384 288 0
w 384 288 384 192 0
w 384 192 384 176 0
w 336 176 384 176 0
w 384 176 496 176 0
w 400 384 368 384 0
w 368 384 368 272 0
w 368 272 400 240 0
o 29 64 0 4106 5 0.1 0 1
38 2 F1 0 10000 40000 -1 Resistance
38 3 F1 0 10000 40000 -1 Resistance
38 4 F1 0 0.0000049999999999999996 0.00009999999999999999 -1 Capacitance
38 16 F1 0 0.0000049999999999999996 0.00009999999999999999 -1 Capacitance
