$ 1 0.000005 10.20027730826997 50 5 43 5e-11
157 1232 -384 1248 -384 0 7 0 0
d 720 -992 736 -960 2 default
r 432 -992 432 -1040 0 10000
r 480 -992 480 -1040 0 10000
r 528 -992 528 -1040 0 10000
r 576 -992 576 -1040 0 10000
r 624 -992 624 -1040 0 10000
r 672 -992 672 -1040 0 10000
r 720 -992 720 -1040 0 10000
w 432 -992 432 -928 0
w 480 -992 480 -928 0
w 528 -992 528 -928 0
w 576 -992 576 -928 0
w 624 -992 624 -928 0
w 672 -992 672 -928 0
w 720 -992 720 -928 0
w 736 -960 688 -960 0
w 688 -960 640 -960 0
w 640 -960 592 -960 0
w 592 -960 544 -960 0
w 544 -960 496 -960 0
w 496 -960 448 -960 0
w 448 -960 400 -960 0
w 448 -896 400 -896 0
w 496 -896 448 -896 0
w 544 -896 496 -896 0
w 592 -896 544 -896 0
w 640 -896 592 -896 0
w 688 -896 640 -896 0
w 736 -896 688 -896 0
w 720 -928 720 -864 0
w 672 -928 672 -864 0
w 624 -928 624 -864 0
w 576 -928 576 -864 0
w 528 -928 528 -864 0
w 480 -928 480 -864 0
w 432 -928 432 -864 0
d 720 -928 736 -896 2 default
d 672 -928 688 -896 2 default
d 624 -928 640 -896 2 default
d 576 -928 592 -896 2 default
d 432 -928 448 -896 2 default
d 528 -864 544 -832 2 default
d 672 -864 688 -832 2 default
w 432 -864 432 -800 0
w 480 -864 480 -800 0
w 528 -864 528 -800 0
w 576 -864 576 -800 0
w 624 -864 624 -800 0
w 672 -864 672 -800 0
w 720 -864 720 -800 0
w 736 -832 688 -832 0
w 688 -832 640 -832 0
w 640 -832 592 -832 0
w 592 -832 544 -832 0
w 544 -832 496 -832 0
w 496 -832 448 -832 0
w 448 -832 400 -832 0
w 448 -768 400 -768 0
w 496 -768 448 -768 0
w 544 -768 496 -768 0
w 592 -768 544 -768 0
w 640 -768 592 -768 0
w 688 -768 640 -768 0
w 736 -768 688 -768 0
w 720 -800 720 -736 0
w 672 -800 672 -736 0
w 624 -800 624 -736 0
w 576 -800 576 -736 0
w 528 -800 528 -736 0
w 480 -800 480 -736 0
w 432 -800 432 -736 0
d 672 -800 688 -768 2 default
d 432 -736 448 -704 2 default
d 576 -736 592 -704 2 default
d 624 -736 640 -704 2 default
w 432 -736 432 -672 0
w 480 -736 480 -672 0
w 528 -736 528 -672 0
w 576 -736 576 -672 0
w 624 -736 624 -672 0
w 672 -736 672 -672 0
w 720 -736 720 -672 0
w 736 -704 688 -704 0
w 688 -704 640 -704 0
w 640 -704 592 -704 0
w 592 -704 544 -704 0
w 544 -704 496 -704 0
w 496 -704 448 -704 0
w 448 -704 400 -704 0
w 448 -640 400 -640 0
w 496 -640 448 -640 0
w 544 -640 496 -640 0
w 592 -640 544 -640 0
w 640 -640 592 -640 0
w 688 -640 640 -640 0
w 736 -640 688 -640 0
w 720 -672 720 -608 0
w 672 -672 672 -608 0
w 624 -672 624 -608 0
w 576 -672 576 -608 0
w 528 -672 528 -608 0
w 480 -672 480 -608 0
w 432 -672 432 -608 0
d 624 -672 640 -640 2 default
d 480 -672 496 -640 2 default
d 480 -608 496 -576 2 default
w 432 -608 432 -544 0
w 480 -608 480 -544 0
w 528 -608 528 -544 0
w 576 -608 576 -544 0
w 624 -608 624 -544 0
w 672 -608 672 -544 0
w 720 -608 720 -544 0
w 736 -576 688 -576 0
w 688 -576 640 -576 0
w 640 -576 592 -576 0
w 592 -576 544 -576 0
w 544 -576 496 -576 0
w 496 -576 448 -576 0
w 448 -576 400 -576 0
w 448 -512 400 -512 0
w 496 -512 448 -512 0
w 544 -512 496 -512 0
w 592 -512 544 -512 0
w 640 -512 592 -512 0
w 688 -512 640 -512 0
w 736 -512 688 -512 0
w 720 -544 720 -480 0
w 672 -544 672 -480 0
w 624 -544 624 -480 0
w 576 -544 576 -480 0
w 528 -544 528 -480 0
w 480 -544 480 -480 0
w 432 -544 432 -480 0
d 720 -544 736 -512 2 default
d 672 -544 688 -512 2 default
d 624 -544 640 -512 2 default
d 576 -544 592 -512 2 default
w 448 -448 400 -448 0
w 496 -448 448 -448 0
w 544 -448 496 -448 0
w 592 -448 544 -448 0
w 640 -448 592 -448 0
w 688 -448 640 -448 0
w 736 -448 688 -448 0
w 720 -480 720 -416 0
w 672 -480 672 -416 0
w 624 -480 624 -416 0
w 576 -480 576 -416 0
w 528 -480 528 -416 0
w 480 -480 480 -416 0
w 432 -480 432 -416 0
w 448 -192 368 -192 0
w 496 -192 448 -192 0
w 544 -192 496 -192 0
w 592 -192 544 -192 0
w 640 -192 592 -192 0
w 688 -192 640 -192 0
w 736 -192 688 -192 0
w 432 -1040 480 -1040 0
w 480 -1040 528 -1040 0
w 528 -1040 576 -1040 0
w 576 -1040 624 -1040 0
w 624 -1040 672 -1040 0
w 720 -1040 672 -1040 0
w 576 -1040 576 -1056 0
R 576 -1056 576 -1072 0 0 40 5 0 0 0.5
w 432 -224 432 -160 0
w 480 -224 480 -160 0
w 528 -224 528 -160 0
d 624 -800 640 -768 2 default
L -464 -1024 -464 -1072 0 0 false 5 0
L -400 -1024 -400 -1072 0 0 false 5 0
L -336 -1024 -336 -1072 0 0 false 5 0
I -240 -976 -192 -976 0 0.5 5
I -240 -912 -192 -912 0 0.5 5
I -240 -848 -192 -848 0 0.5 5
w -288 -976 -240 -976 0
w -288 -912 -240 -912 0
w -288 -848 -240 -848 0
w -192 -976 -160 -976 0
w -160 -976 -128 -976 0
w -128 -976 -48 -976 0
w -192 -912 -144 -912 0
w -144 -912 -112 -912 0
w -112 -912 -112 -960 0
w -112 -960 -48 -960 0
w -48 -944 -96 -944 0
w -96 -848 -176 -848 0
w -176 -848 -192 -848 0
151 -48 -896 32 -896 0 3 5 5
151 -48 -960 32 -960 0 3 0 5
w -48 -912 -80 -912 0
w -80 -912 -80 -1008 0
w -80 -1008 -288 -1008 0
w -288 -1008 -288 -976 0
w -48 -896 -112 -896 0
w -112 -896 -112 -912 0
w -48 -880 -96 -880 0
w -96 -880 -96 -848 0
w -96 -880 -96 -944 0
x -405 -1102 -392 -1099 4 24 1
x -341 -1101 -328 -1098 4 24 0
x -470 -1103 -457 -1100 4 24 2
151 -48 -768 32 -768 0 3 5 5
w -80 -912 -80 -784 0
w -80 -784 -48 -784 0
w -48 -768 -128 -768 0
w -128 -832 -128 -944 0
w -128 -944 -288 -944 0
w -288 -944 -288 -912 0
w -96 -752 -48 -752 0
151 -48 -832 32 -832 0 3 5 5
w -128 -768 -128 -832 0
w -48 -816 -96 -816 0
w -96 -848 -96 -816 0
w -96 -816 -96 -752 0
w -48 -832 -128 -832 0
w -48 -848 -64 -848 0
w -64 -848 -64 -864 0
w -64 -864 -160 -864 0
w -160 -864 -160 -976 0
w -336 -1024 -336 -1008 0
w -336 -1008 -288 -1008 0
w -288 -944 -400 -944 0
w -400 -944 -400 -1024 0
w -464 -1024 -464 -848 0
w -464 -848 -288 -848 0
151 -48 -704 32 -704 0 3 5 5
151 -48 -640 32 -640 0 3 5 5
151 -48 -576 32 -576 0 3 5 5
151 -48 -512 32 -512 0 3 5 5
d 432 -160 448 -128 2 default
d 672 -160 688 -128 2 default
w 576 -224 576 -160 0
w 624 -224 624 -160 0
w 672 -160 672 -224 0
w 720 -224 720 -160 0
w 736 -128 688 -128 0
w 688 -128 640 -128 0
w 640 -128 592 -128 0
w 592 -128 544 -128 0
w 544 -128 496 -128 0
w 496 -128 448 -128 0
L -592 -1024 -592 -1072 0 1 false 5 0
x -606 -1103 -573 -1100 4 24 EN
w -48 -688 -288 -688 0
w -288 -688 -288 -848 0
w -48 -704 -112 -704 0
w -112 -704 -112 -896 0
w -160 -864 -160 -720 0
w -160 -720 -48 -720 0
w -48 -624 -288 -624 0
w -288 -624 -288 -688 0
w -48 -640 -112 -640 0
w -112 -640 -112 -704 0
w -48 -656 -336 -656 0
w -336 -656 -336 -1008 0
w -48 -560 -288 -560 0
w -288 -560 -288 -624 0
w -48 -576 -400 -576 0
w -400 -576 -400 -944 0
w -160 -720 -160 -592 0
w -160 -592 -48 -592 0
w -48 -496 -288 -496 0
w -288 -496 -288 -560 0
w -48 -512 -400 -512 0
w -400 -512 -400 -576 0
w -336 -656 -336 -528 0
w -336 -528 -48 -528 0
L -528 -1024 -528 -1072 0 0 false 5 0
w -528 -1024 -528 -464 0
w 352 -960 400 -960 0
w 352 -896 400 -896 0
w 352 -832 400 -832 0
w 352 -768 400 -768 0
w 352 -704 400 -704 0
w 352 -640 400 -640 0
w 352 -576 400 -576 0
w 352 -512 400 -512 0
w 272 -496 208 -496 0
w 208 -496 208 -512 0
w 208 -512 80 -512 0
w 272 -560 208 -560 0
w 208 -560 208 -576 0
w 208 -576 96 -576 0
w 208 -640 112 -640 0
w 208 -624 208 -640 0
w 272 -624 208 -624 0
w 208 -704 128 -704 0
w 208 -688 208 -704 0
w 272 -688 208 -688 0
w 208 -768 144 -768 0
w 208 -752 208 -768 0
w 272 -752 208 -752 0
w 208 -832 160 -832 0
w 208 -816 208 -832 0
w 272 -816 208 -816 0
w 208 -896 176 -896 0
w 208 -880 208 -896 0
w 272 -880 208 -880 0
w 208 -960 192 -960 0
w 208 -944 208 -960 0
w 272 -944 208 -944 0
w 272 -976 256 -976 0
w 256 -976 256 -912 0
w 256 -912 256 -848 0
w 272 -912 256 -912 0
w 256 -848 256 -784 0
w 272 -848 256 -848 0
w 256 -784 256 -720 0
w 272 -784 256 -784 0
w 256 -720 256 -656 0
w 272 -720 256 -720 0
w 256 -656 256 -592 0
w 272 -656 256 -656 0
w 256 -592 256 -528 0
w 272 -592 256 -592 0
w 256 -528 272 -528 0
152 272 -960 352 -960 0 2 0 5
152 272 -896 352 -896 0 2 5 5
152 272 -832 352 -832 0 2 5 5
152 272 -768 352 -768 0 2 5 5
152 272 -704 352 -704 0 2 5 5
152 272 -640 352 -640 0 2 5 5
152 272 -576 352 -576 0 2 5 5
152 272 -512 352 -512 0 2 5 5
d 576 -416 592 -384 2 default
d 624 -416 640 -384 2 default
w 432 -416 432 -352 0
w 480 -416 480 -352 0
w 528 -416 528 -352 0
w 576 -416 576 -352 0
w 624 -416 624 -352 0
w 672 -416 672 -352 0
w 720 -416 720 -352 0
w 736 -384 688 -384 0
w 688 -384 640 -384 0
w 640 -384 592 -384 0
w 592 -384 544 -384 0
w 544 -384 496 -384 0
w 496 -384 448 -384 0
w 448 -384 400 -384 0
w 256 -528 256 -464 0
w 256 -464 -528 -464 0
w 32 -960 192 -960 0
w 32 -896 176 -896 0
w 160 -832 32 -832 0
w 32 -768 144 -768 0
w 128 -704 32 -704 0
w 32 -640 112 -640 0
w 96 -576 32 -576 0
w 32 -512 80 -512 0
I 208 -432 256 -432 0 0.5 5
w 176 -896 176 -432 0
w 176 -432 208 -432 0
w 272 -432 256 -432 0
w 368 -416 368 -384 0
w 368 -384 400 -384 0
w -528 -400 -528 -464 0
w 448 -320 368 -320 0
w 496 -320 448 -320 0
w 544 -320 496 -320 0
w 592 -320 544 -320 0
w 640 -320 592 -320 0
w 688 -320 640 -320 0
w 736 -320 688 -320 0
w 720 -352 720 -288 0
w 672 -352 672 -288 0
w 624 -352 624 -288 0
w 576 -352 576 -288 0
w 528 -352 528 -288 0
w 480 -352 480 -288 0
w 432 -352 432 -288 0
d 576 -352 592 -320 2 default
w 448 -256 368 -256 0
w 496 -256 448 -256 0
w 544 -256 496 -256 0
w 592 -256 544 -256 0
w 640 -256 592 -256 0
w 688 -256 640 -256 0
w 736 -256 688 -256 0
w 720 -288 720 -224 0
w 672 -288 672 -224 0
w 624 -288 624 -224 0
w 576 -288 576 -224 0
w 528 -288 528 -224 0
w 480 -288 480 -224 0
w 432 -288 432 -224 0
I 208 -336 256 -336 0 0.5 5
w 256 -336 288 -336 0
w 160 -832 160 -336 0
w 160 -336 208 -336 0
w 288 -304 -16 -304 0
w -528 -400 -16 -400 0
w -16 -400 272 -400 0
w -16 -304 -16 -400 0
151 272 -416 352 -416 0 2 5 5
w 368 -416 352 -416 0
151 288 -320 368 -320 0 2 5 5
151 288 -256 368 -256 0 2 5 5
I 208 -272 256 -272 0 0.5 5
w 256 -272 288 -272 0
w 144 -768 144 -272 0
w 144 -272 208 -272 0
d 432 -288 448 -256 2 default
w 288 -240 -16 -240 0
w -16 -240 -16 -304 0
d 480 -288 496 -256 2 default
151 288 -192 368 -192 0 2 5 5
w 128 -704 128 -208 0
w 128 -208 208 -208 0
I 208 -208 256 -208 0 0.5 5
w 256 -208 288 -208 0
w 288 -176 -16 -176 0
w -16 -176 -16 -240 0
d 480 -224 496 -192 2 default
d 720 -224 736 -192 2 default
d 528 -224 544 -192 2 default
151 288 -128 368 -128 0 2 5 5
w 448 -128 368 -128 0
I 208 -144 256 -144 0 0.5 5
w 256 -144 288 -144 0
w 112 -640 112 -144 0
w 112 -144 208 -144 0
w 288 -112 -16 -112 0
w -16 -112 -16 -176 0
d 528 -96 544 -64 2 default
w 720 -96 720 -32 0
w 672 -32 672 -96 0
w 624 -96 624 -32 0
w 576 -96 576 -32 0
w 528 -96 528 -32 0
w 480 -96 480 -32 0
w 432 -96 432 -32 0
w 736 -64 688 -64 0
w 688 -64 640 -64 0
w 640 -64 592 -64 0
w 592 -64 544 -64 0
w 544 -64 496 -64 0
w 496 -64 448 -64 0
w 448 -64 368 -64 0
w 720 -160 720 -96 0
w 672 -160 672 -96 0
w 624 -160 624 -96 0
w 576 -160 576 -96 0
w 528 -160 528 -96 0
w 480 -160 480 -96 0
w 432 -160 432 -96 0
151 288 -64 368 -64 0 2 5 5
w 96 -80 208 -80 0
w 256 -80 288 -80 0
I 208 -80 256 -80 0 0.5 5
w 96 -80 96 -576 0
w 288 -48 -16 -48 0
w -16 -48 -16 -112 0
d 480 -96 496 -64 2 default
151 288 0 368 0 0 2 5 5
w 288 16 -16 16 0
I 208 -16 256 -16 0 0.5 5
w 256 -16 288 -16 0
w 80 -16 208 -16 0
w 80 -16 80 -512 0
w -16 16 -16 -48 0
w 432 -32 432 128 0
w 480 -32 480 112 0
w 528 -32 528 96 0
w 576 -32 576 80 0
w 624 -32 624 64 0
w 672 -32 672 48 0
w 720 -32 720 32 0
w 448 0 368 0 0
w 496 0 448 0 0
w 544 0 496 0 0
w 592 0 544 0 0
w 640 0 592 0 0
w 688 0 640 0 0
w 736 0 688 0 0
d 480 -32 496 0 2 default
d 528 -32 544 0 2 default
d 576 -32 592 0 2 default
t 880 -80 880 -32 0 1 0 0 100 default
r 880 -80 880 -144 0 10000
r 960 -80 960 -144 0 10000
r 1120 -80 1120 -144 0 10000
r 1040 -80 1040 -144 0 10000
r 1360 -80 1360 -144 0 10000
r 1280 -80 1280 -144 0 10000
r 1200 -80 1200 -144 0 10000
w 960 -144 880 -144 0
w 960 -144 1040 -144 0
w 1040 -144 1120 -144 0
w 1120 -144 1200 -144 0
w 1200 -144 1280 -144 0
w 1280 -144 1360 -144 0
w 880 -144 816 -144 0
w 896 -32 928 -32 0
w 928 -32 928 -384 0
w 928 -384 1232 -384 0
w 1232 -352 1008 -352 0
w 1008 -352 1008 -32 0
w 1008 -32 976 -32 0
w 1056 -32 1088 -32 0
w 1088 -32 1088 -320 0
w 1088 -320 1232 -320 0
w 1136 -32 1168 -32 0
w 1168 -32 1168 -288 0
w 1168 -288 1232 -288 0
w 1216 -32 1248 -32 0
w 1248 -32 1248 -256 0
w 1248 -256 1296 -256 0
w 1328 -256 1328 -32 0
w 1328 -32 1296 -32 0
w 1376 -32 1408 -32 0
w 1408 -32 1408 -256 0
w 1408 -256 1360 -256 0
w 720 32 1344 32 0
w 1344 32 1344 -32 0
w 1264 -32 1264 48 0
w 1264 48 672 48 0
w 624 64 1184 64 0
w 1184 64 1184 -32 0
w 1104 -32 1104 80 0
w 1104 80 576 80 0
w 528 96 1024 96 0
w 1024 96 1024 -32 0
w 944 -32 944 112 0
w 944 112 480 112 0
w 432 128 864 128 0
w 864 128 864 -32 0
t 1280 -80 1280 -32 0 1 8.881784197001252e-16 1.7763568394002505e-15 100 default
t 960 -80 960 -32 0 1 0 8.881784197001252e-16 100 default
t 1040 -80 1040 -32 0 1 0 8.881784197001252e-16 100 default
t 1120 -80 1120 -32 0 1 0 8.881784197001252e-16 100 default
t 1200 -80 1200 -32 0 1 0 0 100 default
t 1360 -80 1360 -32 0 1 0.5711602959272564 0.589088547767497 100 default
w -592 -1024 -592 160 0
w -592 160 816 160 0
w 816 160 816 -144 0
x -534 -1103 -521 -1100 4 24 3
