$ 1 0.000005 382.76258214399064 69 5 43 5e-11
g 240 -80 240 -112 0 0
r 240 -32 240 -80 0 1000
w 160 16 240 16 0
w 144 -96 112 -96 0
R 160 96 160 128 0 0 40 5 0 0 0.5
g 128 16 128 32 0 0
r 144 -16 144 -96 0 10000
r 160 96 160 16 0 1000
t 144 -16 144 16 0 1 -3.2719973111420533 0.034359483669269775 100 default
w 0 -80 -96 -96 1
w 0 -48 0 -80 0
w -80 -80 16 -96 0
w -80 -48 -80 -80 0
w 80 -96 112 -96 0
R -96 -176 -96 -208 0 0 40 5 0 0 0.5
w 16 -176 80 -176 0
w -96 -176 16 -176 0
w -160 -176 -96 -176 0
r -160 -96 -160 -176 0 1000
r 80 -96 80 -176 0 1000
162 240 16 240 -32 2 default-led 1 0 0 0.01
r -96 -96 -96 -176 0 3000
r 16 -96 16 -176 0 3000
209 -160 -96 -96 -96 0 0.000019999999999999998 1.5148804657025559 0.001 1
w -160 -64 -160 -96 0
w -48 -64 -160 -64 0
w 80 -64 80 -96 0
w -32 -64 80 -64 0
209 80 -96 16 -96 0 0.000019999999999999998 2.0136286568180757 0.001 1
w -48 -16 -48 -64 0
w -64 -16 -48 -16 0
w -32 -16 -32 -64 0
w -16 -16 -32 -16 0
g 16 -16 16 0 0 0
g -96 -16 -96 0 0 0
t -80 -48 -80 -16 0 1 -4.160618848136759 -1.979269206837592 100 default
t 0 -48 0 -16 1 1 0.6321097256161281 0.6664691755966117 100 default
r 416 16 240 16 0 10000
o 2 64 0 36875 5 0.0125 0 2 2 3
