$ 1 0.000005 10.20027730826997 50 5 43 5e-11
t 112 176 112 224 0 1 1.2474641860898373e-13 -0.0002573652928891533 100 default
162 656 752 656 832 2 default-led 1 0 0 0.01
r 656 832 656 880 0 1000
g 656 880 656 912 0 0
L 32 -16 -32 -16 0 0 false 5 0
x -121 -16 -46 -13 4 12 EMABLE\sSHL
w 96 112 112 112 0
r 112 176 112 112 0 10000
w 160 80 160 224 0
w 160 224 128 224 0
w 240 224 208 224 0
w 240 80 240 224 0
r 192 176 192 112 0 10000
t 192 176 192 224 0 1 3.9973457569809963e-10 -3.8973459515009123 100 default
w 320 224 288 224 0
w 320 80 320 224 0
r 272 176 272 112 0 10000
t 272 176 272 224 0 1 1.3246207770208878e-11 -0.04805925532065835 100 default
w 400 224 368 224 0
w 400 80 400 224 0
r 352 176 352 112 0 10000
t 352 176 352 224 0 1 1.3246207770208633e-11 -0.04805925532065738 100 default
w 192 112 112 112 0
w 192 112 272 112 0
w 272 112 352 112 0
g 304 576 304 608 0 0
r 304 528 304 576 0 1000
162 304 448 304 528 2 default-led 0 0 1 0.01
w 336 304 336 224 0
w 256 224 256 304 0
w 176 304 176 224 0
w 96 224 96 304 0
w 768 112 848 112 0
w 688 112 768 112 0
w 688 112 608 112 0
t 848 176 848 224 0 1 0.5742252153225667 0.5739678500295528 100 default
r 848 176 848 112 0 10000
w 896 80 896 224 0
w 896 224 864 224 0
t 768 176 768 224 0 1 0.5744785643143437 -3.261772073736615 100 default
r 768 176 768 112 0 10000
w 816 80 816 224 0
w 816 224 784 224 0
t 688 176 688 224 0 1 0.5744384878833607 0.5263792325494572 100 default
r 688 176 688 112 0 10000
w 736 80 736 224 0
w 736 224 704 224 0
w 656 224 624 224 0
w 656 80 656 224 0
r 608 176 608 112 0 10000
w 592 112 608 112 0
L 32 -64 -32 -64 0 1 false 5 0
L 400 -128 400 -272 0 0 false 5 0
L 320 -128 320 -272 0 0 false 5 0
L 240 -128 240 -272 0 0 false 5 0
L 160 -128 160 -272 0 0 false 5 0
t 608 176 608 224 0 1 0.5744384878833606 0.5263792325494561 100 default
x -121 -60 -44 -57 4 12 EMABLE\sSHR
w 32 -16 96 -16 0
w 96 -16 96 112 0
w 32 -64 592 -64 0
w 592 -64 592 112 0
w 96 304 96 368 0
w 96 368 304 368 0
w 304 368 304 448 0
w 176 304 176 352 0
w 176 352 416 352 0
w 416 352 416 448 0
w 256 304 256 336 0
w 256 336 496 336 0
w 496 336 496 448 0
w 336 304 576 304 0
w 832 224 832 368 0
w 832 368 304 368 0
w 752 224 752 304 0
w 752 304 656 304 0
w 672 224 672 288 0
w 672 288 576 288 0
w 576 288 576 304 0
w 592 256 496 256 0
w 496 256 496 336 0
w 592 256 592 224 0
w 160 -128 160 80 0
w 240 80 240 -128 0
w 320 -128 320 80 0
w 400 80 400 -128 0
w 400 -128 832 -128 0
w 832 -128 896 -128 0
w 896 -128 896 80 0
w 816 80 816 -112 0
w 816 -112 320 -112 0
w 320 -112 320 -128 0
w 240 -128 240 -96 0
w 240 -96 736 -96 0
w 736 -96 736 80 0
w 656 80 656 -80 0
w 656 -80 160 -80 0
w 160 -80 160 -128 0
x 214 -316 366 -313 4 20 ACCUMULATOR
x -116 -124 -13 -121 4 20 FUNCTION
x 621 -314 719 -311 4 20 OPERAND
L 544 -224 544 -272 0 1 false 5 0
L 624 -224 624 -272 0 0 false 5 0
L 704 -176 704 -272 0 0 false 5 0
L 784 -192 784 -272 0 1 false 5 0
t 1152 128 1152 176 0 1 -4.999999948595056 -3.94944481091652 100 default
t 1216 128 1216 176 0 1 -0.41799670646485154 0.6325584312136847 100 default
r 1216 128 1216 64 0 10000
r 1152 128 1152 64 0 10000
r 1136 288 1136 224 0 1000
g 1136 288 1136 304 0 0
R 1232 176 1232 208 0 0 40 5 0 0 0.5
R 1168 176 1168 208 0 0 40 5 0 0 0.5
w 1200 176 1200 224 0
w 1200 224 1136 224 0
w 1136 224 1136 176 0
w 1136 224 1104 224 0
r 1088 176 1088 112 0 10000
t 1088 176 1088 224 0 1 0.517848478893403 0.56994738931422 100 default
w 1088 112 1088 48 0
w 1088 48 944 48 0
w 944 48 32 32 0
L 32 32 -32 32 0 1 false 5 0
x -69 31 -51 34 4 12 OR
w 544 -224 544 -144 0
w 544 -144 1216 -144 0
w 1216 -144 1216 64 0
w 1152 64 1152 -80 0
w 416 352 1072 352 0
w 1072 352 1072 224 0
w 656 -80 1152 -80 0
w 1264 336 1264 224 0
w 1280 112 1280 48 0
t 1280 176 1280 224 0 1 0.5736326323271456 0.5895531264145851 100 default
r 1280 176 1280 112 0 10000
w 1328 224 1296 224 0
w 1328 224 1328 176 0
w 1392 224 1328 224 0
w 1392 176 1392 224 0
R 1360 176 1360 208 0 0 40 5 0 0 0.5
R 1424 176 1424 208 0 0 40 5 0 0 0.5
g 1328 288 1328 304 0 0
r 1328 288 1328 224 0 1000
r 1344 128 1344 64 0 10000
r 1408 128 1408 64 0 10000
t 1408 128 1408 176 0 1 -4.9999999489844456 -0.06397969840578949 100 default
t 1344 128 1344 176 0 1 -4.9999999489844456 -0.06397969840578949 100 default
w 1088 48 1280 48 0
w 1344 64 1344 -96 0
w 1344 -96 736 -96 0
w 1408 64 1408 -160 0
w 1408 -160 624 -160 0
w 624 -160 624 -224 0
w 1264 336 496 336 0
w 1824 64 1824 -192 0
w 1760 64 1760 -112 0
w 1504 48 1696 48 0
t 1760 128 1760 176 0 1 -4.99999994859916 -3.9084097109945053 100 default
t 1824 128 1824 176 0 1 -0.45673916096378253 0.6348510766408717 100 default
r 1824 128 1824 64 0 10000
r 1760 128 1760 64 0 10000
r 1744 288 1744 224 0 1000
g 1744 288 1744 304 0 0
R 1840 176 1840 208 0 0 40 5 0 0 0.5
R 1776 176 1776 208 0 0 40 5 0 0 0.5
w 1808 176 1808 224 0
w 1808 224 1744 224 0
w 1744 224 1744 176 0
w 1744 224 1712 224 0
r 1696 176 1696 112 0 10000
t 1696 176 1696 224 0 1 0.5177412575344409 0.5899003818788278 100 default
w 1696 112 1696 48 0
w 1680 400 1680 224 0
w 1488 384 1488 224 0
w 1568 64 1568 -112 0
w 1632 -144 1632 64 0
w 1504 48 1280 48 0
w 1504 112 1504 48 0
t 1504 176 1504 224 0 1 0.5736326323271456 0.5895531264145852 100 default
r 1504 176 1504 112 0 10000
w 1552 224 1520 224 0
w 1552 224 1552 176 0
w 1616 224 1552 224 0
w 1616 176 1616 224 0
R 1584 176 1584 208 0 0 40 5 0 0 0.5
R 1648 176 1648 208 0 0 40 5 0 0 0.5
g 1552 288 1552 304 0 0
r 1552 288 1552 224 0 1000
r 1568 128 1568 64 0 10000
r 1632 128 1632 64 0 10000
t 1632 128 1632 176 0 1 -4.9999999489844456 -0.06397969840578852 100 default
t 1568 128 1568 176 0 1 -4.9999999489844456 -0.06397969840578852 100 default
w 1568 -112 816 -112 0
w 1632 -144 1632 -176 0
w 1632 -176 704 -176 0
w 784 -192 1824 -192 0
w 896 -128 1760 -112 0
w 576 304 576 384 0
w 576 384 576 448 0
w 576 384 1488 384 0
w 656 304 656 400 0
w 656 400 656 464 0
w 656 400 1680 400 0
x 1453 -1 1483 2 4 20 OR
x 754 10 796 13 4 20 SHR
x 262 8 300 11 4 20 SHL
x -122 492 252 495 4 20 Should\sI\sdo\sarithmetic\sand\slogical\sshifting?
x -71 81 -46 84 4 12 AND
L 32 80 -32 80 0 0 false 5 0
w 32 80 976 80 0
w 976 80 976 -48 0
w 976 -48 1952 -48 0
t 400 496 400 544 0 1 -3.8272927257812817 -0.010243409017467953 100 default
r 400 496 352 496 0 10000
x 1123 636 1309 639 4 20 INVERTED\sBUFFER
t 896 624 896 672 0 1 0.532998574166164 0.6104652014400256 100 default
r 896 624 896 560 0 10000
r 816 624 816 560 0 10000
t 816 624 816 672 0 1 0.5737559631015535 0.5734986048342099 100 default
t 976 624 976 672 0 1 0.5329985741670198 0.6104652014401419 100 default
r 976 624 976 560 0 10000
r 1056 624 1056 560 0 10000
t 1056 624 1056 672 0 1 0.5737528201495163 0.5734954619579152 100 default
L 64 640 0 640 0 1 false 5 0
w 352 496 352 752 0
w 416 544 416 448 0
w 496 544 496 448 0
w 432 496 432 752 0
r 480 496 432 496 0 10000
t 480 496 480 544 0 1 0.021993930283004316 -3.251380302883306 100 default
g 704 880 704 912 0 0
r 704 832 704 880 0 1000
162 704 752 704 832 2 default-led 1 0 0 0.01
w 576 544 576 448 0
w 512 496 512 752 0
r 560 496 512 496 0 10000
t 560 496 560 544 0 1 0.0219939302830053 -3.2513803028819033 100 default
g 752 880 752 912 0 0
r 752 832 752 880 0 1000
162 752 752 752 832 2 default-led 1 0 0 0.01
w 656 544 656 464 0
w 592 496 592 752 0
r 640 496 592 496 0 10000
t 640 496 640 544 0 1 -3.7661974125423567 -0.010774643746120582 100 default
g 800 880 800 912 0 0
r 800 832 800 880 0 1000
162 800 752 800 832 2 default-led 1 0 0 0.01
w 592 752 512 752 0
w 512 752 432 752 0
w 432 752 352 752 0
w 64 640 240 640 0
t 240 688 240 736 0 1 0.5704734583377538 0.640526645179897 100 default
r 240 688 240 640 0 10000
w 256 736 256 752 0
w 256 752 352 752 0
g 224 736 224 784 0 0
r 256 752 256 800 0 1000
R 256 800 256 832 0 0 40 5 0 0 0.5
w 416 448 432 448 0
w 432 448 432 416 0
w 432 416 720 416 0
w 848 672 832 672 0
w 912 672 928 672 0
w 848 432 512 432 0
w 512 432 512 448 0
w 512 448 496 448 0
w 576 448 1008 448 0
w 816 560 896 560 0
w 896 560 976 560 0
w 976 560 1056 560 0
w 1120 464 656 464 0
w 1040 672 1040 704 0
w 1040 752 800 752 0
w 1040 752 1040 704 0
w 960 672 960 736 0
w 960 736 752 736 0
w 752 736 752 752 0
w 704 752 704 720 0
w 704 720 880 720 0
w 880 720 880 672 0
w 800 672 800 704 0
w 800 704 656 704 0
w 656 704 656 752 0
w 656 704 384 704 0
w 384 544 384 704 0
w 464 544 464 720 0
w 464 720 704 720 0
w 752 736 544 736 0
w 544 736 544 544 0
w 624 544 624 688 0
w 624 688 784 688 0
w 784 688 784 752 0
w 784 752 800 752 0
w 816 560 704 560 0
w 704 560 704 640 0
w 704 640 240 640 0
t 768 496 768 544 0 1 0.5613808665263226 0.6414201433958119 100 default
t 896 496 896 544 0 1 -3.350840825990684 0.048059289783392745 100 default
t 1184 496 1184 544 0 1 0.5607944820098001 0.6413649930729214 100 default
t 1056 496 1056 544 0 1 -3.3508408259885427 0.04805928978339169 100 default
r 768 496 720 496 0 10000
w 720 416 720 496 0
r 896 496 848 496 0 10000
w 848 432 848 496 0
r 1056 496 1008 496 0 10000
w 1008 448 1008 496 0
r 1184 496 1120 496 0 10000
w 1120 464 1120 496 0
r 1200 544 1232 544 0 1000
R 1232 544 1248 544 0 0 40 5 0 0 0.5
R 1104 544 1120 544 0 0 40 5 0 0 0.5
r 1072 544 1104 544 0 1000
g 1168 544 1152 544 0 0
g 1040 544 1024 544 0 0
g 880 544 864 544 0 0
g 752 544 736 544 0 0
R 944 544 960 544 0 0 40 5 0 0 0.5
r 912 544 944 544 0 1000
R 816 544 832 544 0 0 40 5 0 0 0.5
r 784 544 816 544 0 1000
w 784 544 784 640 0
w 784 640 848 640 0
w 848 640 848 672 0
w 912 544 912 576 0
w 912 576 944 576 0
w 944 576 944 672 0
w 944 672 928 672 0
w 992 672 1008 672 0
w 1008 672 1008 512 0
w 1008 512 1072 512 0
w 1072 512 1072 544 0
w 1072 672 1088 672 0
w 1088 672 1088 576 0
w 1088 576 1200 576 0
w 1200 576 1200 544 0
x -163 551 214 554 4 20 need\sto\sinvert\scarry\stoo\swhen\sinvert\senable
