$ 1 0.000005 10.20027730826997 50 5 43 5e-11
L -368 -544 -368 -592 0 0 false 5 0
r -368 -416 -368 -464 0 10000
R -352 -336 -352 -304 0 0 40 5 0 0 0.5
r -352 -384 -352 -336 0 1000
g -384 -384 -384 -352 0 0
t -368 -416 -368 -384 0 1 -4.902151669926468 5.002151667492306e-8 100 default
w -352 -384 -320 -384 0
. 4in-NOR-Gate-Diodes 0 2 5 5 A 6 0 2 B 5 1 2 C 4 3 2 D 3 4 2 NOR 8 2 3 ResistorElm\s2\s1\rDiodeElm\s3\s1\rDiodeElm\s4\s1\rDiodeElm\s5\s1\rDiodeElm\s6\s1\rRailElm\s7\rResistorElm\s8\s7\rTransistorElm\s2\s8\s0 0\\s10000\s2\\sdefault\s2\\sdefault\s2\\sdefault\s2\\sdefault\s0\\s0\\s40\\s5\\s0\\s0\\s0.5\s0\\s1000\s0\\s1\\s-4.780335196981217\\s0.2196643052245909\\s100\\sdefault
410 -80 32 -32 96 1 4in-NOR-Gate-Diodes 0\s10000 2\sdefault 2\sdefault 2\sdefault 2\sdefault 0\s0\s40\s5\s0\s0\s0.5 0\s1000 0\s1\s0.5676480606962685\s0.6401560977490018\s100\sdefault
w -320 -384 -176 -384 0
w -368 -480 -96 -480 0
w -96 -480 -96 -192 0
w -432 -384 -400 -384 0
t -448 -416 -448 -384 0 1 -4.902151669926468 5.002151667492306e-8 100 default
g -464 -384 -464 -352 0 0
r -432 -384 -432 -336 0 1000
R -432 -336 -432 -304 0 0 40 5 0 0 0.5
r -448 -416 -448 -464 0 10000
L -448 -560 -448 -592 0 0 false 5 0
w -448 -496 -112 -496 0
w -112 -496 -112 -192 0
w -448 -480 -448 -496 0
w -448 -464 -448 -480 0
w -368 -464 -368 -480 0
w -400 -384 -400 -288 0
w -528 -464 -528 -480 0
w -480 -384 -480 -272 0
w -512 -384 -480 -384 0
t -528 -416 -528 -384 0 1 0.5704736078115545 0.6405256923591451 100 default
g -544 -384 -544 -352 0 0
r -512 -384 -512 -336 0 1000
R -512 -336 -512 -304 0 0 40 5 0 0 0.5
r -528 -416 -528 -464 0 10000
w -448 -496 -448 -560 0
w -368 -480 -368 -544 0
w -528 -480 -528 -512 0
w -528 -512 -128 -512 0
w -128 -512 -128 -192 0
L -528 -560 -528 -592 0 1 false 5 0
w -528 -512 -528 -560 0
w -176 -384 -176 -192 0
w -400 -288 -192 -288 0
w -192 -288 -192 -192 0
w -480 -272 -208 -272 0
w -208 -272 -208 -192 0
L -608 -560 -608 -592 0 0 false 5 0
w -608 -480 -608 -528 0
r -608 -416 -608 -464 0 10000
R -592 -336 -592 -304 0 0 40 5 0 0 0.5
r -592 -384 -592 -336 0 1000
g -624 -384 -624 -352 0 0
t -608 -416 -608 -384 0 1 -4.999999938800001 5.099999936318223e-8 100 default
w -592 -384 -560 -384 0
w -560 -384 -560 -256 0
w -608 -464 -608 -480 0
w -608 -528 -608 -560 0
w -608 -528 -144 -528 0
w -144 -528 -144 -192 0
w -560 -256 -224 -256 0
w -224 -256 -224 -192 0
162 16 96 16 128 2 default-led 1 0 0 0.01
r 16 128 16 144 0 1000
g 16 144 16 160 0 0
x -8 214 5 217 4 24 0
w -80 32 -96 32 0
w -112 64 -80 64 0
w -80 128 -128 128 0
w -144 160 -80 160 0
x 166 213 179 216 4 24 1
g 192 144 192 160 0 0
r 192 128 192 144 0 1000
162 192 96 192 128 2 default-led 1 0 0 0.01
410 96 32 144 96 1 4in-NOR-Gate-Diodes 0\s10000 2\sdefault 2\sdefault 2\sdefault 2\sdefault 0\s0\s40\s5\s0\s0\s0.5 0\s1000 0\s1\s0.5677014536769114\s0.6401627910826101\s100\sdefault
w -176 -192 -176 -176 0
w -176 -176 48 -176 0
w 48 160 96 160 0
w 96 128 64 128 0
w 64 128 64 -160 0
w 64 -160 -144 -160 0
w -144 -192 -144 -160 0
w 96 64 80 64 0
w 80 64 80 -144 0
w 80 -144 -128 -144 0
w -128 -192 -128 -144 0
w 96 32 96 -128 0
w 96 -128 -112 -128 0
w -112 -192 -112 -128 0
w -112 -128 -112 64 0
410 272 32 320 96 1 4in-NOR-Gate-Diodes 0\s10000 2\sdefault 2\sdefault 2\sdefault 2\sdefault 0\s0\s40\s5\s0\s0\s0.5 0\s1000 0\s1\s0.5677014536769092\s0.6401627910826098\s100\sdefault
162 368 96 368 128 2 default-led 1 0 0 0.01
r 368 128 368 144 0 1000
g 368 144 368 160 0 0
x 342 213 355 216 4 24 2
w 272 160 224 160 0
w 224 160 224 -16 0
w 224 -16 -192 -16 0
w -192 -16 -192 -192 0
w 272 128 240 128 0
w 240 128 240 -32 0
w 240 -32 -144 -32 0
w -144 -32 -144 160 0
w -144 -32 -144 -160 0
w 272 64 256 64 0
w 256 64 256 -48 0
w 256 -48 -128 -48 0
w -128 -48 -128 128 0
w -128 -48 -128 -144 0
w 272 32 272 -64 0
w 272 -64 -96 -64 0
w -96 -64 -96 32 0
w -96 -64 -96 -192 0
x 518 213 531 216 4 24 3
g 544 144 544 160 0 0
r 544 128 544 144 0 1000
162 544 96 544 128 2 default-led 1 0 0 0.01
410 448 32 496 96 1 4in-NOR-Gate-Diodes 0\s10000 2\sdefault 2\sdefault 2\sdefault 2\sdefault 0\s0\s40\s5\s0\s0\s0.5 0\s1000 0\s1\s0.5677481716072665\s0.6401686571445737\s100\sdefault
w 448 160 400 160 0
w 400 160 400 -16 0
w 224 -16 400 -16 0
w 448 128 416 128 0
w 416 128 416 -144 0
w 416 -144 80 -144 0
w 64 -160 432 -160 0
w 432 -160 432 64 0
w 432 64 448 64 0
w 448 32 448 -80 0
w 448 -80 48 -80 0
w 48 -80 48 -176 0
w 48 -80 48 160 0
410 624 32 672 96 1 4in-NOR-Gate-Diodes 0\s10000 2\sdefault 2\sdefault 2\sdefault 2\sdefault 0\s0\s40\s5\s0\s0\s0.5 0\s1000 0\s1\s-3.278350140717703\s0.02800665413373702\s100\sdefault
162 720 96 720 128 2 default-led 1 0 0 0.01
r 720 128 720 144 0 1000
g 720 144 720 160 0 0
x 694 213 707 216 4 24 3
w 624 160 576 160 0
w -208 -192 576 -192 0
w 576 -192 576 160 0
w 624 128 592 128 0
w 592 128 592 -160 0
w 592 -160 432 -160 0
w 624 64 608 64 0
w 608 64 608 -64 0
w 608 -64 272 -64 0
w 624 32 624 -128 0
w 624 -128 96 -128 0
