$ 1 0.000005 10.20027730826997 50 5 50 5e-11
t 688 352 688 384 0 1 0.09282131349516522 0.16616533555467475 100 default
g 672 384 672 432 0 0
r 688 352 688 304 0 10000
r 720 352 720 304 0 10000
R 736 416 736 448 0 0 40 5 0 0 0.5
r 736 384 736 416 0 1000
t 720 352 720 384 0 1 -4.365211964875869 0.16047508768316843 100 default
w 688 304 688 288 0
w 688 288 624 288 0
w 640 240 720 240 0
w 720 240 720 304 0
w 736 384 784 384 0
w 736 576 784 576 0
t 720 544 720 576 0 1 -4.437611605173672 0.14823716711506021 100 default
r 736 576 736 608 0 1000
R 736 608 736 640 0 0 40 5 0 0 0.5
r 720 544 720 496 0 10000
r 688 544 688 496 0 10000
g 672 576 672 624 0 0
t 688 544 688 576 0 1 0.5714141484868138 0.5893424015023087 100 default
t 592 544 592 576 0 1 -4.365211322130647 0.23381903034831428 100 default
g 576 576 576 624 0 0
R 608 608 608 640 0 0 40 5 0 0 0.5
r 608 576 608 608 0 1000
r 592 544 592 496 0 10000
w 640 240 640 368 0
w 640 368 592 368 0
w 592 368 592 496 0
w 608 576 640 576 0
w 640 576 640 496 0
w 640 496 688 496 0
w 624 288 624 464 0
w 624 464 720 464 0
w 720 464 720 496 0
w 912 384 960 384 0
t 896 352 896 384 0 1 -4.463710866225652 0.12871303189566435 100 default
r 912 384 912 416 0 1000
R 912 416 912 448 0 0 40 5 0 0 0.5
r 896 352 896 304 0 10000
r 864 352 864 304 0 10000
g 848 384 848 432 0 0
t 864 352 864 384 0 1 0.5714141531292616 0.5893424056020594 100 default
t 864 544 864 576 0 1 0.5674349668232497 0.6415476779163183 100 default
g 848 576 848 624 0 0
r 864 544 864 496 0 10000
r 896 544 896 496 0 10000
R 912 608 912 640 0 0 40 5 0 0 0.5
r 912 576 912 608 0 1000
t 896 544 896 576 0 1 0.5672326528558501 0.6397611819464354 100 default
w 784 576 784 496 0
w 784 496 864 496 0
w 784 384 784 304 0
w 784 304 864 304 0
w 896 304 944 304 0
w 944 304 944 464 0
w 944 464 944 576 0
w 944 576 912 576 0
w 896 496 960 496 0
w 960 496 960 384 0
w 960 384 1008 384 0
207 640 240 560 240 4 D
207 624 288 560 288 4 CLOCK
207 1008 384 1056 384 4 Q
