$ 1 0.000005 10.20027730826997 50 5 43 5e-11
155 1040 -368 1072 -368 0 0
155 1040 -272 1072 -272 0 0
155 1040 -80 1072 -80 0 0
155 1040 -176 1072 -176 0 0
155 1040 -560 1072 -560 0 0
155 1040 -464 1072 -464 0 0
155 1040 -656 1072 -656 0 0
155 1040 -752 1072 -752 0 0
207 1040 -752 960 -752 4 D0
207 1040 -656 960 -656 4 D1
207 1040 -560 960 -560 4 D2
207 1040 -464 960 -464 4 D3
207 1040 -368 960 -368 4 D4
207 1040 -272 960 -272 4 D5
207 1040 -176 960 -176 4 D6
207 1040 -80 960 -80 4 D7
207 832 -48 784 -48 4 ~EN
207 880 -16 784 -16 4 CLK
w 1040 -720 1040 -624 0
w 1040 -624 1040 -528 0
w 1040 -528 1040 -432 0
w 1040 -432 1040 -336 0
w 1040 -336 1040 -240 0
w 1040 -240 1040 -144 0
w 1040 -144 1040 -48 0
207 1136 -752 1232 -752 4 Q0
207 1136 -656 1232 -656 4 Q1
207 1136 -560 1232 -560 4 Q2
207 1136 -464 1232 -464 4 Q3
207 1136 -368 1232 -368 4 Q4
207 1136 -272 1232 -272 4 Q5
207 1136 -176 1232 -176 4 Q6
207 1136 -80 1232 -80 4 Q7
I 832 -48 880 -48 0 0.5 5
150 880 -32 944 -32 0 2 0 5
w 944 -32 1040 -32 0
w 1040 -32 1040 -48 0
