$ 1 0.000005 10.20027730826997 50 5 50 5e-11
w 1504 -320 1504 -352 0
207 1504 -320 1392 -320 4 ~EN
207 1552 -416 1600 -416 4 Q7
207 1552 -448 1600 -448 4 Q6
207 1552 -480 1600 -480 4 Q5
207 1552 -512 1600 -512 4 Q4
207 1552 -544 1600 -544 4 Q3
207 1552 -576 1600 -576 4 Q2
207 1552 -608 1600 -608 4 Q1
207 1552 -640 1600 -640 4 Q0
207 1360 -416 1312 -416 4 D7
207 1360 -448 1312 -448 4 D6
207 1360 -480 1312 -480 4 D5
207 1360 -512 1312 -512 4 D4
207 1360 -544 1312 -544 4 D3
207 1360 -576 1312 -576 4 D2
207 1360 -608 1312 -608 4 D1
207 1360 -640 1312 -640 4 D0
180 1456 -640 1552 -640 0 0.1 10000000000 100000000
180 1456 -608 1552 -608 0 0.1 10000000000 100000000
180 1456 -576 1552 -576 0 0.1 10000000000 100000000
180 1456 -544 1552 -544 0 0.1 10000000000 100000000
180 1456 -416 1552 -416 0 0.1 10000000000 100000000
180 1456 -448 1552 -448 0 0.1 10000000000 100000000
180 1456 -480 1552 -480 0 0.1 10000000000 100000000
180 1456 -512 1552 -512 0 0.1 10000000000 100000000
w 1504 -624 1504 -592 0
w 1504 -592 1504 -560 0
w 1504 -560 1504 -528 0
w 1504 -528 1504 -496 0
w 1504 -496 1504 -464 0
w 1504 -464 1504 -432 0
w 1504 -432 1504 -400 0
I 1504 -352 1504 -400 0 0.5 5
x 1477 -674 1519 -671 4 16 Buffer
I 1360 -640 1456 -640 0 0.5 5
I 1360 -608 1456 -608 0 0.5 5
I 1360 -576 1456 -576 0 0.5 5
I 1360 -544 1456 -544 0 0.5 5
I 1360 -416 1456 -416 0 0.5 5
I 1360 -448 1456 -448 0 0.5 5
I 1360 -480 1456 -480 0 0.5 5
I 1360 -512 1456 -512 0 0.5 5
