$ 1 0.000005 10.20027730826997 50 5 43 5e-11
x 1410 183 1471 186 6 16 PASS_A
w 1024 192 1488 192 0
w 1024 224 1024 192 0
w 912 224 1024 224 0
w 928 640 928 880 0
w 944 608 944 848 0
150 1184 864 1232 864 0 2 5 5
w 944 848 1184 848 0
w 928 880 1184 880 0
x 1367 857 1471 860 6 16 SHIFTER_ARI
w 1232 864 1488 864 0
w 1232 800 1488 800 0
x 1367 793 1478 796 6 16 SHIFTER_ROT
w 1008 816 1184 816 0
w 1008 704 1008 816 0
w 960 784 1184 784 0
w 960 752 960 784 0
x 1367 729 1478 732 6 16 SHIFTER_SHR
x 1368 665 1476 668 6 16 SHIFTER_SHL
w 1232 736 1488 736 0
w 1232 672 1488 672 0
w 960 752 992 752 0
w 960 672 960 752 0
w 912 672 960 672 0
w 992 752 1184 752 0
150 1184 736 1232 736 0 3 5 5
w 1008 688 1184 688 0
w 1008 704 1008 688 0
w 912 704 1008 704 0
150 1184 800 1232 800 0 2 5 5
150 1184 672 1232 672 0 3 5 5
w 976 736 1184 736 0
w 976 640 976 736 0
w 928 640 976 640 0
w 992 576 912 576 0
w 992 720 992 576 0
w 1184 720 992 720 0
w 1008 672 1184 672 0
w 1008 608 1008 672 0
w 944 608 1008 608 0
w 1024 656 1184 656 0
w 1024 544 1024 656 0
w 912 544 1024 544 0
x 1440 616 1474 619 6 16 XOR
w 1040 624 1488 624 0
w 1040 512 1040 624 0
w 912 512 1040 512 0
w 1056 480 912 480 0
w 1056 480 1056 592 0
w 1056 592 1488 592 0
x 1448 583 1472 586 6 16 OR
x 1440 552 1473 555 6 16 AND
w 1072 560 1488 560 0
w 1072 448 1072 560 0
w 912 448 1072 448 0
w 1360 512 1488 512 0
w 1120 528 1120 384 0
w 1296 528 1120 528 0
151 1296 512 1360 512 0 2 0 5
w 1088 464 1152 464 0
w 1088 320 1088 464 0
w 1152 512 1152 464 0
w 1168 512 1152 512 0
w 1168 432 1168 480 0
w 1104 432 1168 432 0
w 1104 352 1104 432 0
w 1232 496 1232 512 0
w 1232 480 1232 496 0
151 1232 496 1296 496 0 2 5 5
151 1168 496 1232 496 0 2 0 5
x 1371 503 1475 506 4 16 TWOS_COMP
x 1333 423 1471 426 4 16 OP_MUX_SELECT
w 1296 432 1488 432 0
w 1152 416 1136 416 0
w 1152 448 1152 416 0
w 1232 448 1152 448 0
w 1168 416 1232 416 0
w 1168 384 1168 416 0
w 1120 384 1168 384 0
151 1232 432 1296 432 0 2 0 5
x 1397 358 1471 361 4 16 ADC_SBB
w 1296 368 1488 368 0
w 1184 384 1232 384 0
w 1184 352 1184 384 0
w 1104 352 1184 352 0
w 1200 352 1232 352 0
w 1200 272 1200 352 0
w 1072 272 1200 272 0
w 1072 272 1072 240 0
w 1072 288 1072 272 0
151 1232 368 1296 368 0 2 0 5
w 1360 272 1488 272 0
x 1373 264 1471 267 6 16 ADDER_OUT
x 471 216 560 219 6 16 Enable_ALU
x 486 505 504 508 4 16 F3
x 486 473 504 476 4 16 F2
x 486 441 504 444 4 16 F1
x 486 409 504 412 4 16 F0
w 1312 272 1360 272 0
w 1136 416 912 416 0
w 1136 320 1136 416 0
w 1216 320 1136 320 0
w 1120 304 1216 304 0
w 1120 384 1120 304 0
w 1040 384 1120 384 0
w 1104 352 912 352 0
w 1104 288 1104 352 0
w 1216 288 1104 288 0
w 1088 256 1216 256 0
w 1088 320 1088 256 0
w 1040 320 1088 320 0
w 1072 288 912 288 0
w 1216 240 1072 240 0
w 1056 224 1216 224 0
w 1056 256 1056 224 0
w 1040 256 1056 256 0
I 800 480 832 480 0 0.5 5
I 800 512 832 512 0 0.5 5
I 800 576 832 576 0 0.5 5
I 800 544 832 544 0 0.5 5
I 800 672 832 672 0 0.5 5
I 800 704 832 704 0 0.5 5
I 800 640 832 640 0 0.5 5
I 800 608 832 608 0 0.5 5
I 800 352 832 352 0 0.5 5
I 800 384 832 384 0 0.5 5
I 800 448 832 448 0 0.5 5
I 800 416 832 416 0 0.5 5
I 800 288 832 288 0 0.5 5
I 800 320 832 320 0 0.5 5
I 800 256 832 256 0 0.5 5
I 800 224 832 224 0 0.5 5
x 832 697 864 700 6 16 ROL
x 832 665 867 668 6 16 ROR
x 832 633 864 636 6 16 ASR
x 832 601 862 604 6 16 ASL
x 832 569 865 572 6 16 SHR
x 832 537 863 540 6 16 SHL
x 832 505 866 508 6 16 XOR
x 832 473 856 476 6 16 OR
x 832 441 865 444 6 16 AND
x 832 409 865 412 6 16 DEC
x 832 377 859 380 6 16 INC
x 832 345 864 348 6 16 SBB
x 832 313 864 316 6 16 SUB
w 832 704 912 704 0
w 832 672 912 672 0
w 832 640 928 640 0
w 832 608 944 608 0
w 832 576 912 576 0
w 832 544 912 544 0
w 832 512 912 512 0
w 832 480 912 480 0
w 832 448 912 448 0
w 832 416 912 416 0
w 832 384 1040 384 0
w 832 352 912 352 0
w 832 320 1040 320 0
w 832 288 912 288 0
w 832 256 1040 256 0
w 832 224 912 224 0
x 832 280 865 283 6 16 ADC
x 832 248 865 251 6 16 ADD
x 832 215 842 218 6 16 A
150 1216 272 1312 272 0 6 5 5
w 560 224 480 224 0
w 544 512 496 512 0
w 544 816 544 512 0
w 736 816 544 816 0
w 736 768 736 816 0
w 704 800 704 768 0
w 560 800 704 800 0
w 560 480 560 800 0
w 496 480 560 480 0
w 576 448 496 448 0
w 576 784 576 448 0
w 672 784 576 784 0
w 672 768 672 784 0
w 592 416 496 416 0
w 592 768 592 416 0
w 640 768 592 768 0
I 560 224 608 224 0 0.5 5
185 608 224 752 224 0 4
207 1488 272 1536 272 4 ADDER_OUT
207 1488 368 1536 368 4 ADC_SBB
207 1488 432 1536 432 4 OP_MUX_SELECT
207 1488 512 1536 512 4 TWOS_COMP
207 1488 560 1536 560 4 AND
207 1488 592 1536 592 4 OR
207 1488 624 1536 624 4 XOR
207 1488 672 1536 672 4 SHIFTER_SHL
207 1488 736 1536 736 4 SHIFTER_SHR
207 1488 800 1536 800 4 SHIFTER_ROT
207 1488 864 1536 864 4 SHIFTER_ARI
207 1488 192 1536 192 4 PASS_A
207 480 224 416 224 4 EN
207 496 416 432 416 4 F0
207 496 448 432 448 4 F1
207 496 480 432 480 4 F2
207 496 512 432 512 4 F3
