$ 1 0.000005 10.20027730826997 50 5 43 5e-11
. TB-8BitControlledBuffer 0 3 9 17 D0 24 0 2 D1 21 1 2 D2 18 2 2 D3 15 3 2 D4 3 4 2 D5 6 5 2 D6 9 6 2 D7 12 7 2 Q0 25 0 3 Q1 22 1 3 Q2 19 2 3 Q3 16 3 3 Q4 4 4 3 Q5 7 5 3 Q6 10 6 3 Q7 13 7 3 ~EN 1 1 1 InverterElm\s1\s2\rTriStateElm\s3\s4\s2\rTriStateElm\s6\s7\s2\rTriStateElm\s9\s10\s2\rTriStateElm\s12\s13\s2\rTriStateElm\s15\s16\s2\rTriStateElm\s18\s19\s2\rTriStateElm\s21\s22\s2\rTriStateElm\s24\s25\s2 0\\s0.5\\s5\s0\\s0.1\\s10000000000\\s100000000\s0\\s0.1\\s10000000000\\s100000000\s0\\s0.1\\s10000000000\\s100000000\s0\\s0.1\\s10000000000\\s100000000\s0\\s0.1\\s10000000000\\s100000000\s0\\s0.1\\s10000000000\\s100000000\s0\\s0.1\\s10000000000\\s100000000\s0\\s0.1\\s10000000000\\s100000000
410 224 176 240 176 1 TB-8BitControlledBuffer 0\s0.5\s5 0\s0.1\s10000000000\s100000000 0\s0.1\s10000000000\s100000000 0\s0.1\s10000000000\s100000000 0\s0.1\s10000000000\s100000000 0\s0.1\s10000000000\s100000000 0\s0.1\s10000000000\s100000000 0\s0.1\s10000000000\s100000000 0\s0.1\s10000000000\s100000000
410 672 176 704 176 1 TB-8BitControlledBuffer 0\s0.5\s5 0\s0.1\s10000000000\s100000000 0\s0.1\s10000000000\s100000000 0\s0.1\s10000000000\s100000000 0\s0.1\s10000000000\s100000000 0\s0.1\s10000000000\s100000000 0\s0.1\s10000000000\s100000000 0\s0.1\s10000000000\s100000000 0\s0.1\s10000000000\s100000000
153 144 176 208 176 0 2 5 5
150 64 192 112 192 0 2 0 5
150 64 128 112 128 0 2 0 5
150 144 400 192 400 0 2 0 5
w 192 400 224 400 0
w 208 176 224 176 0
I 16 208 64 208 0 0.5 5
w 112 128 128 128 0
w 128 128 128 160 0
w 128 160 144 160 0
w 144 192 112 192 0
207 64 112 -16 112 4 A7
207 64 144 -16 144 4 ARITHMETIC
207 64 176 -16 176 4 A6
207 16 208 -16 208 4 ARITHMETIC
207 32 384 -16 384 4 A7
207 96 416 0 416 4 ROTATE
207 224 208 192 208 4 A5
207 224 240 192 240 4 A4
207 224 272 192 272 4 A3
207 224 304 192 304 4 A2
207 224 336 192 336 4 A1
207 224 368 192 368 4 A0
w 288 464 288 480 0
w 288 480 32 480 0
w 32 384 144 384 0
w 144 416 96 416 0
207 32 480 0 480 4 SHL
153 592 176 656 176 0 2 5 5
150 528 192 576 192 0 2 0 5
w 592 160 576 160 0
w 576 160 576 128 0
w 592 192 576 192 0
207 528 176 480 176 4 A0
w 128 128 576 128 0
w 96 416 96 496 0
w 96 496 496 496 0
w 496 496 496 208 0
w 496 208 528 208 0
w 736 464 736 528 0
w 736 528 32 528 0
207 32 528 0 528 4 SHR
207 672 240 640 240 4 A0
207 672 400 640 400 4 A1
207 672 368 640 368 4 A2
207 672 336 640 336 4 A3
207 672 304 640 304 4 A4
207 672 272 640 272 4 A5
207 672 208 640 208 4 A7
w 672 176 656 176 0
207 352 176 384 176 4 Q0
207 352 208 384 208 4 Q1
207 352 272 384 272 4 Q3
207 352 240 384 240 4 Q2
207 352 368 384 368 4 Q6
207 352 400 384 400 4 Q7
207 352 336 384 336 4 Q5
207 352 304 384 304 4 Q4
207 800 304 832 304 4 Q4
207 800 336 832 336 4 Q5
207 800 400 832 400 4 Q7
207 800 368 832 368 4 Q6
207 800 240 832 240 4 Q2
207 800 272 832 272 4 Q3
207 800 208 832 208 4 Q1
207 800 176 832 176 4 Q0
