$ 1 0.000005 10.20027730826997 50 5 43 5e-11
196 176 -16 192 -16 2 4
196 176 320 192 320 2 4
w 272 -16 288 -16 0
w 288 -16 288 272 0
w 288 272 160 272 0
w 160 272 160 576 0
w 160 576 176 576 0
207 176 80 112 80 4 A0
207 176 48 112 48 4 A1
207 176 16 112 16 4 A2
207 176 -16 112 -16 4 A3
207 176 320 112 320 4 A7
207 176 352 112 352 4 A6
207 176 384 112 384 4 A5
207 176 416 112 416 4 A4
w 112 240 176 240 0
I -464 -320 -416 -320 0 0.5 5
150 -368 -336 -320 -336 0 2 0 5
w -416 -320 -368 -320 0
150 -368 -240 -320 -240 0 2 0 5
150 -192 -192 -144 -192 0 2 0 5
w -416 -176 -192 -176 0
I -464 -176 -416 -176 0 0.5 5
152 -288 -288 -224 -288 0 2 0 5
w -224 -288 -208 -288 0
w -208 -288 -208 -208 0
w -208 -208 -192 -208 0
w -320 -336 -304 -336 0
w -304 -336 -304 -304 0
w -304 -304 -288 -304 0
w -288 -272 -304 -272 0
w -304 -272 -304 -240 0
w -304 -240 -320 -240 0
207 -464 -176 -528 -176 4 ADDER_OUT
207 -368 -224 -528 -224 4 CARRY_FLAG_IN
207 -464 -320 -528 -320 4 ADC_SBB
207 -496 -352 -528 -352 4 TWOS_COMP
w 16 240 112 240 0
207 592 144 656 144 4 SUM0
. TB-8BitControlledBuffer 0 3 9 17 D0 24 0 2 D1 21 1 2 D2 18 2 2 D3 15 3 2 D4 3 4 2 D5 6 5 2 D6 9 6 2 D7 12 7 2 Q0 25 0 3 Q1 22 1 3 Q2 19 2 3 Q3 16 3 3 Q4 4 4 3 Q5 7 5 3 Q6 10 6 3 Q7 13 7 3 ~EN 1 1 1 InverterElm\s1\s2\rTriStateElm\s3\s4\s2\rTriStateElm\s6\s7\s2\rTriStateElm\s9\s10\s2\rTriStateElm\s12\s13\s2\rTriStateElm\s15\s16\s2\rTriStateElm\s18\s19\s2\rTriStateElm\s21\s22\s2\rTriStateElm\s24\s25\s2 0\\s0.5\\s5\s0\\s0.1\\s10000000000\\s100000000\s0\\s0.1\\s10000000000\\s100000000\s0\\s0.1\\s10000000000\\s100000000\s0\\s0.1\\s10000000000\\s100000000\s0\\s0.1\\s10000000000\\s100000000\s0\\s0.1\\s10000000000\\s100000000\s0\\s0.1\\s10000000000\\s100000000\s0\\s0.1\\s10000000000\\s100000000
410 464 144 480 144 1 TB-8BitControlledBuffer 0\s0.5\s5 0\s0.1\s10000000000\s100000000 0\s0.1\s10000000000\s100000000 0\s0.1\s10000000000\s100000000 0\s0.1\s10000000000\s100000000 0\s0.1\s10000000000\s100000000 0\s0.1\s10000000000\s100000000 0\s0.1\s10000000000\s100000000 0\s0.1\s10000000000\s100000000
207 592 176 656 176 4 SUM1
207 592 208 656 208 4 SUM2
207 592 240 656 240 4 SUM3
207 592 368 656 368 4 SUM7
207 592 336 656 336 4 SUM6
207 592 304 656 304 4 SUM5
207 592 272 656 272 4 SUM4
w 272 144 464 144 0
w 272 112 320 112 0
w 320 112 320 176 0
w 320 176 464 176 0
w 464 208 336 208 0
w 336 208 336 80 0
w 336 80 272 80 0
w 272 48 352 48 0
w 352 48 352 240 0
w 352 240 464 240 0
w 272 480 320 480 0
w 320 480 320 272 0
w 320 272 464 272 0
w 464 304 336 304 0
w 336 304 336 448 0
w 336 448 272 448 0
w 272 416 352 416 0
w 352 416 352 336 0
w 352 336 464 336 0
w 464 368 304 368 0
w 304 368 304 384 0
w 304 384 272 384 0
w 272 320 288 320 0
w 288 320 288 512 0
w 288 512 592 512 0
207 592 512 656 512 4 CARRY_OUT
w 528 464 528 432 0
207 176 208 112 208 5 MUX0
207 176 176 112 176 5 MUX1
207 176 144 112 144 5 MUX2
207 176 112 112 112 5 MUX3
207 176 448 112 448 5 MUX7
207 176 480 112 480 5 MUX6
207 176 512 112 512 5 MUX5
207 176 544 112 544 5 MUX4
184 -320 -16 -272 -16 0 1
184 -320 128 -272 128 0 1
184 -320 416 -272 416 0 1
184 -320 272 -272 272 0 1
184 -320 848 -272 848 0 1
184 -320 992 -272 992 0 1
184 -320 704 -272 704 0 1
184 -320 560 -272 560 0 1
w -144 -192 16 -192 0
w 16 -192 16 240 0
207 -80 -16 -16 -16 5 MUX0
207 -80 128 -16 128 5 MUX1
207 -80 416 -16 416 5 MUX3
207 -80 272 -16 272 5 MUX2
207 -80 848 -16 848 5 MUX6
207 -80 992 -16 992 5 MUX7
207 -80 704 -16 704 5 MUX5
207 -80 560 -16 560 5 MUX4
w -256 80 -208 80 0
w -208 80 -208 224 0
w -208 224 -256 224 0
w -208 224 -208 368 0
w -208 368 -256 368 0
w -208 368 -208 512 0
w -208 512 -256 512 0
w -208 512 -208 656 0
w -208 656 -256 656 0
w -208 656 -208 800 0
w -208 800 -256 800 0
w -208 800 -208 944 0
w -208 944 -256 944 0
w -208 944 -208 1088 0
w -208 1088 -256 1088 0
w -256 80 -560 80 0
207 -560 80 -624 80 4 OP_MUX_SEL
154 -144 -16 -80 -16 0 2 0 5
154 -144 128 -80 128 0 2 0 5
154 -144 272 -80 272 0 2 0 5
154 -144 416 -80 416 0 2 0 5
154 -144 560 -80 560 0 2 0 5
154 -144 704 -80 704 0 2 0 5
154 -144 848 -80 848 0 2 0 5
154 -144 992 -80 992 0 2 0 5
w -144 976 -160 976 0
w -160 976 -160 832 0
w -160 832 -144 832 0
w -160 832 -160 688 0
w -160 688 -144 688 0
w -160 688 -160 544 0
w -160 544 -144 544 0
w -144 400 -160 400 0
w -160 400 -160 544 0
w -160 400 -160 256 0
w -160 256 -144 256 0
w -160 256 -160 112 0
w -160 112 -144 112 0
w -160 112 -160 -32 0
w -160 -32 -144 -32 0
w -496 -352 -368 -352 0
w -496 -352 -496 -64 0
w -496 -64 -160 -64 0
w -160 -64 -160 -32 0
w -224 -16 -176 0 0
w -176 0 -144 0 0
w -224 128 -176 144 0
w -176 144 -144 144 0
w -176 288 -144 288 0
w -224 272 -176 288 0
w -176 432 -144 432 0
w -224 416 -176 432 0
w -176 576 -144 576 0
w -224 560 -176 576 0
w -176 720 -144 720 0
w -224 704 -176 720 0
w -176 864 -144 864 0
w -224 848 -176 864 0
w -176 1008 -144 1008 0
w -224 992 -176 1008 0
R -320 16 -352 16 0 0 40 5 0 0 0.5
R -320 160 -352 160 0 0 40 5 0 0 0.5
R -320 304 -352 304 0 0 40 5 0 0 0.5
R -320 448 -352 448 0 0 40 5 0 0 0.5
R -320 592 -352 592 0 0 40 5 0 0 0.5
R -320 736 -352 736 0 0 40 5 0 0 0.5
R -320 880 -352 880 0 0 40 5 0 0 0.5
R -320 1024 -352 1024 0 0 40 5 0 0 0.5
207 -320 -16 -384 -16 4 B0
207 -320 128 -384 128 4 B1
207 -320 272 -384 272 4 B2
207 -320 416 -384 416 4 B3
207 -320 560 -384 560 4 B4
207 -320 704 -384 704 4 B5
207 -320 848 -384 848 4 B6
207 -320 992 -384 992 4 B7
w -416 -320 -416 -256 0
w -416 -256 -368 -256 0
207 528 464 464 464 4 ADDER_OUT
