$ 15 0.000005 10.20027730826997 50 5 43 5e-11
150 -496 -192 -416 -192 0 2 0 5
150 -496 -128 -416 -128 0 2 0 5
150 -496 0 -416 0 0 2 0 5
150 -496 -64 -416 -64 0 2 0 5
150 -496 192 -416 192 0 2 0 5
150 -496 256 -416 256 0 2 0 5
150 -496 128 -416 128 0 2 0 5
150 -496 64 -416 64 0 2 0 5
207 -496 -208 -544 -208 4 A0
207 -496 -176 -544 -176 4 B0
207 -496 -112 -544 -112 4 B1
207 -496 -144 -544 -144 4 A1
207 -496 -16 -544 -16 4 A3
207 -496 16 -544 16 4 B3
207 -496 -48 -544 -48 4 B2
207 -496 -80 -544 -80 4 A2
207 -496 112 -544 112 4 A5
207 -496 144 -544 144 4 B5
207 -496 80 -544 80 4 B4
207 -496 48 -544 48 4 A4
207 -496 240 -544 240 4 A7
207 -496 272 -544 272 4 B7
207 -496 208 -544 208 4 B6
207 -496 176 -544 176 4 A6
180 -416 -192 -320 -192 0 0.1 10000000000 100000000
180 -416 -128 -320 -128 0 0.1 10000000000 100000000
180 -416 -64 -320 -64 0 0.1 10000000000 100000000
180 -416 0 -320 0 0 0.1 10000000000 100000000
180 -416 256 -320 256 0 0.1 10000000000 100000000
180 -416 192 -320 192 0 0.1 10000000000 100000000
180 -416 128 -320 128 0 0.1 10000000000 100000000
180 -416 64 -320 64 0 0.1 10000000000 100000000
w -368 -176 -368 -112 0
w -368 -112 -368 -48 0
w -368 -48 -368 16 0
w -368 16 -368 80 0
w -368 80 -368 144 0
w -368 144 -368 208 0
w -368 208 -368 272 0
w -368 272 -368 320 0
w -368 320 -488 320 0
207 -560 320 -608 320 4 AND_OUT
207 -176 320 -224 320 4 OR_OUT
w 32 320 -104 320 0
w 32 272 32 320 0
w 32 208 32 272 0
w 32 144 32 208 0
w 32 80 32 144 0
w 32 16 32 80 0
w 32 -48 32 16 0
w 32 -112 32 -48 0
w 32 -176 32 -112 0
180 -16 64 80 64 0 0.1 10000000000 100000000
180 -16 128 80 128 0 0.1 10000000000 100000000
180 -16 192 80 192 0 0.1 10000000000 100000000
180 -16 256 80 256 0 0.1 10000000000 100000000
180 -16 0 80 0 0 0.1 10000000000 100000000
180 -16 -64 80 -64 0 0.1 10000000000 100000000
180 -16 -128 80 -128 0 0.1 10000000000 100000000
180 -16 -192 80 -192 0 0.1 10000000000 100000000
207 -96 176 -144 176 4 A6
207 -96 208 -144 208 4 B6
207 -96 272 -144 272 4 B7
207 -96 240 -144 240 4 A7
207 -96 48 -144 48 4 A4
207 -96 80 -144 80 4 B4
207 -96 144 -144 144 4 B5
207 -96 112 -144 112 4 A5
207 -96 -80 -144 -80 4 A2
207 -96 -48 -144 -48 4 B2
207 -96 16 -144 16 4 B3
207 -96 -16 -144 -16 4 A3
207 -96 -144 -144 -144 4 A1
207 -96 -112 -144 -112 4 B1
207 -96 -176 -144 -176 4 B0
207 -96 -208 -144 -208 4 A0
152 -96 -192 -16 -192 0 2 0 5
152 -96 -128 -16 -128 0 2 0 5
152 -96 -64 -16 -64 0 2 0 5
152 -96 0 -16 0 0 2 0 5
152 -96 64 -16 64 0 2 0 5
152 -96 128 -16 128 0 2 0 5
152 -96 192 -16 192 0 2 0 5
152 -96 256 -16 256 0 2 0 5
207 296 -200 248 -200 4 A0
207 296 -184 248 -184 4 B0
207 296 -120 248 -120 4 B1
207 296 -136 248 -136 4 A1
207 296 -8 248 -8 4 A3
207 296 8 248 8 4 B3
207 296 -56 248 -56 4 B2
207 296 -72 248 -72 4 A2
207 296 120 248 120 4 A5
207 296 136 248 136 4 B5
207 296 72 248 72 4 B4
207 296 56 248 56 4 A4
207 296 248 248 248 4 A7
207 296 264 248 264 4 B7
207 296 200 248 200 4 B6
207 296 184 248 184 4 A6
180 352 -192 448 -192 0 0.1 10000000000 100000000
180 352 -128 448 -128 0 0.1 10000000000 100000000
180 352 -64 448 -64 0 0.1 10000000000 100000000
180 352 0 448 0 0 0.1 10000000000 100000000
180 352 256 448 256 0 0.1 10000000000 100000000
180 352 192 448 192 0 0.1 10000000000 100000000
180 352 128 448 128 0 0.1 10000000000 100000000
180 352 64 448 64 0 0.1 10000000000 100000000
w 400 -176 400 -112 0
w 400 -112 400 -48 0
w 400 -48 400 16 0
w 400 16 400 80 0
w 400 80 400 144 0
w 400 144 400 208 0
w 400 208 400 272 0
w 400 272 400 320 0
w 400 320 280 320 0
207 208 320 160 320 4 XOR_OUT
154 296 -128 352 -128 1 2 0 5
154 296 -192 352 -192 1 2 0 5
154 296 -64 352 -64 1 2 0 5
154 296 0 352 0 1 2 0 5
154 296 64 352 64 1 2 0 5
154 296 128 352 128 1 2 0 5
154 296 192 352 192 1 2 0 5
154 296 256 352 256 1 2 0 5
I -560 320 -488 320 0 0.5 5
I -176 320 -104 320 0 0.5 5
I 208 320 280 320 0 0.5 5
207 -320 -192 -264 -192 4 Q0
207 -320 -128 -264 -128 4 Q1
207 -320 0 -264 0 4 Q3
207 -320 -64 -264 -64 4 Q2
207 -320 192 -264 192 4 Q6
207 -320 256 -264 256 4 Q7
207 -320 128 -264 128 4 Q5
207 -320 64 -264 64 4 Q4
207 80 64 136 64 4 Q4
207 80 128 136 128 4 Q5
207 80 256 136 256 4 Q7
207 80 192 136 192 4 Q6
207 80 -64 136 -64 4 Q2
207 80 0 136 0 4 Q3
207 80 -128 136 -128 4 Q1
207 80 -192 136 -192 4 Q0
207 448 64 504 64 4 Q4
207 448 128 504 128 4 Q5
207 448 256 504 256 4 Q7
207 448 192 504 192 4 Q6
207 448 -64 504 -64 4 Q2
207 448 0 504 0 4 Q3
207 448 -128 504 -128 4 Q1
207 448 -192 504 -192 4 Q0
